disease,days since last outbreak,year started,event_days,country,n_reports,outbreak
39,0,1995,1,110,3,1
57,0,1996,1,98,4,1
67,0,1995,1,104,1,0
67,0,1995,1,111,2,0
8,0,1995,1,196,1,0
8,0,1995,1,216,4,0
8,0,1995,1,160,1,0
55,0,1995,1,104,2,0
39,0,1995,72,9,6,1
39,0,1995,72,147,2,1
39,0,1995,72,177,1,1
39,0,1995,72,104,10,1
39,0,1995,72,216,1,1
39,0,1995,72,122,1,1
39,0,1995,72,53,3,1
39,0,1995,72,20,2,1
39,0,1995,72,213,1,1
20,0,1995,13,160,15,1
20,0,1995,13,55,1,1
67,0,1995,304,128,1,0
39,88,1996,1,147,1,0
39,0,1996,3,207,2,0
39,0,1996,3,36,1,0
67,0,1996,1,186,6,0
67,0,1996,1,179,1,0
8,0,1996,6,196,1,1
8,0,1996,6,130,4,1
67,0,1996,2,91,3,1
8,8,1996,1,130,2,0
8,0,1996,1,64,1,0
8,0,1996,1,240,1,0
39,0,1996,30,207,3,1
8,10,1996,1,130,1,0
67,0,1996,1,186,11,1
67,0,1996,1,179,2,1
39,0,1996,1,186,3,0
39,0,1996,1,179,1,0
39,0,1996,1,186,4,0
67,59,1996,63,179,3,1
67,59,1996,63,186,8,1
39,0,1996,1,223,1,0
39,0,1996,1,29,1,0
67,0,1996,1,186,6,0
67,0,1996,1,179,1,0
39,0,1996,1,179,1,0
67,8,1996,1,179,1,0
67,0,1996,1,37,1,0
67,0,1996,1,138,5,0
67,0,1996,1,104,1,0
39,103,1995,1,9,9,1
67,0,1996,42,25,3,0
67,0,1996,42,57,2,0
67,0,1996,42,91,3,0
67,0,1996,42,112,1,0
67,32,1996,42,186,10,0
67,32,1996,42,179,1,0
67,0,1996,42,232,1,0
67,0,1996,42,9,1,0
67,0,1996,42,138,1,0
67,0,1996,42,104,1,0
67,0,1996,42,115,1,0
67,0,1996,42,64,1,0
39,0,1995,360,179,1,0
39,0,1995,360,186,6,0
67,15,1996,1,179,1,1
67,0,1996,1,232,2,1
67,15,1996,1,186,1,1
67,0,1996,1,25,1,1
67,0,1996,1,91,1,1
67,0,1996,1,115,1,1
67,0,1996,1,112,1,1
67,0,1996,1,42,1,1
67,0,1996,1,9,1,1
67,0,1996,1,64,1,1
67,0,1996,1,51,1,1
67,0,1996,1,138,1,1
67,0,1996,1,121,1,0
67,0,1996,1,104,3,0
67,0,1996,1,133,1,0
67,8,1996,1,179,1,0
67,0,1996,1,104,1,0
67,8,1996,1,232,1,0
67,8,1996,1,186,1,0
67,8,1996,1,25,1,0
67,0,1996,1,73,1,0
67,8,1996,1,91,1,0
67,8,1996,1,115,1,0
67,8,1996,1,112,1,0
67,8,1996,1,42,1,0
67,0,1996,1,230,1,0
67,8,1996,1,9,1,0
67,8,1996,1,64,1,0
67,8,1996,1,51,1,0
67,8,1996,1,138,1,0
67,0,1995,367,104,2,0
67,0,1995,367,121,1,0
39,0,1996,1,230,1,1
67,0,1996,1,133,1,0
67,0,1996,1,104,2,0
67,0,1996,1,180,7,0
67,0,1996,1,104,1,0
8,0,1996,1,104,8,1
8,0,1996,1,117,1,1
8,22,1996,42,130,4,1
39,0,1996,1,160,2,1
39,0,1996,1,233,1,1
8,0,1996,1,117,15,0
8,0,1996,1,104,4,0
67,47,1996,30,25,10,1
67,0,1996,30,104,2,1
63,0,1996,130,233,7,1
63,0,1996,130,104,2,1
39,180,1996,1,104,1,0
39,0,1996,1,1,6,0
39,0,1996,1,16,1,0
63,0,1996,1,233,5,1
63,18,1996,1,104,2,1
67,0,1996,19,236,5,0
67,0,1996,1,236,4,0
67,0,1996,1,121,1,0
39,0,1996,1,1,2,1
63,2,1996,1,233,3,1
63,2,1996,1,104,2,1
39,0,1996,15,117,2,1
55,0,1996,1,1,2,0
55,0,1996,1,45,5,0
39,3,1996,1,230,1,1
39,0,1996,27,138,1,1
39,204,1996,27,104,2,1
67,0,1996,1,198,6,1
55,0,1996,43,1,8,0
39,0,1996,1,179,1,1
39,0,1996,1,186,4,1
39,29,1996,43,138,3,1
39,29,1996,43,104,1,1
14,0,1996,1,79,4,1
14,0,1996,1,63,1,1
14,0,1996,1,104,2,1
67,0,1996,1,122,5,1
67,132,1996,1,104,1,1
67,0,1996,1,221,10,1
67,11,1996,1,104,1,1
63,26,1996,61,233,1,1
57,0,1996,1,86,3,1
67,15,1996,45,104,2,1
67,0,1996,45,29,1,1
67,0,1996,45,166,2,1
67,0,1996,45,38,1,1
57,96,1996,1,86,5,0
57,0,1996,1,168,1,0
57,0,1996,1,52,1,0
67,0,1996,1,180,4,1
67,9,1996,1,104,1,1
33,0,1996,1,232,1,1
67,0,1996,1,81,4,1
55,0,1996,1,166,2,0
39,0,1996,3,215,4,1
39,1,1996,1,215,1,0
67,10,1996,1,198,6,1
39,25,1996,1,160,2,0
39,104,1996,1,104,1,0
67,0,1996,47,81,4,1
39,3,1996,10,215,9,1
67,6,1996,39,122,3,1
67,22,1996,39,104,1,1
67,0,1996,1,11,1,1
67,0,1996,32,220,1,0
67,0,1996,32,200,1,0
67,0,1996,1,200,1,1
67,0,1996,1,220,2,0
67,35,1996,1,200,2,0
39,103,1996,1,117,2,1
39,58,1996,1,104,5,1
39,303,1996,1,122,1,1
39,0,1996,1,116,1,1
50,0,1996,122,97,3,1
67,0,1996,84,220,4,1
67,0,1996,84,196,1,1
67,0,1996,84,181,1,1
67,64,1996,84,200,1,1
20,0,1996,62,112,3,1
67,32,1996,1,122,4,0
8,174,1996,1,130,2,1
8,82,1996,79,130,4,1
8,98,1996,79,104,2,1
67,22,1996,30,200,3,1
67,22,1996,30,196,1,1
67,6,1996,30,104,2,1
39,0,1996,8,21,2,0
39,0,1996,8,31,1,0
39,432,1996,8,9,1,0
39,0,1996,8,51,1,0
55,0,1996,1,180,1,1
8,7,1996,1,130,6,1
8,1,1996,1,130,1,1
55,0,1996,1,104,1,0
55,0,1996,1,180,7,0
20,0,1996,122,104,7,0
20,0,1996,122,111,5,0
20,0,1996,122,133,1,0
55,0,1996,7,180,6,0
55,0,1996,7,104,1,0
20,62,1996,111,112,2,1
65,0,1996,1,104,1,1
65,0,1996,1,57,3,1
55,0,1995,368,180,5,1
55,0,1995,368,104,3,1
8,0,1996,20,130,1,1
39,0,1996,1,83,1,1
39,226,1996,1,230,1,1
55,26,1996,3,180,2,0
55,26,1996,3,104,1,0
8,8,1996,1,130,3,1
8,0,1996,1,57,2,1
8,0,1996,1,51,1,1
8,36,1996,1,104,2,1
8,341,1995,321,130,3,1
55,41,1996,23,180,2,0
55,41,1996,23,104,1,0
8,5,1996,1,57,2,0
8,0,1996,1,177,1,0
8,25,1996,1,130,1,0
8,0,1996,147,196,1,1
8,118,1996,147,130,4,1
67,0,1996,1,83,6,0
67,0,1996,1,230,1,0
8,20,1996,30,57,2,0
8,29,1996,30,130,1,0
55,17,1996,6,180,2,0
67,0,1996,1,149,9,0
20,0,1996,1,232,1,1
39,0,1996,1,42,3,1
39,85,1996,1,104,1,1
20,1,1996,1,232,4,1
8,344,1995,1,130,2,1
9,0,1996,19,104,3,1
39,3,1996,1,83,1,0
39,3,1996,1,230,2,0
8,289,1996,1,130,4,1
8,9,1996,74,130,4,1
8,74,1996,446,130,3,1
8,356,1997,1,130,1,1
8,129,1996,438,130,9,1
8,0,1996,438,230,1,1
8,76,1996,438,57,1,1
39,0,1997,1,110,1,1
8,309,1997,1,130,11,1
39,4,1997,1,110,2,1
44,0,1997,1,80,6,1
44,0,1997,1,104,2,1
67,0,1997,1,230,6,0
67,97,1997,1,196,1,0
8,7,1997,3,130,2,1
39,0,1997,15,136,5,1
39,0,1997,15,36,1,1
67,304,1997,288,51,1,1
67,289,1997,289,51,3,1
16,0,1996,377,5,5,1
67,315,1997,277,232,1,1
67,0,1997,277,57,1,1
67,332,1997,277,25,1,1
67,315,1997,277,91,1,1
67,277,1997,277,51,1,1
67,0,1997,277,236,1,1
67,271,1997,271,51,2,1
67,125,1997,271,104,1,1
16,0,1997,10,5,5,1
8,0,1997,1,130,2,1
52,0,1997,1,104,5,0
52,0,1997,1,170,2,0
52,0,1997,1,122,1,0
52,0,1997,1,133,1,0
67,246,1997,1,236,5,0
57,288,1997,1,86,2,1
57,0,1997,1,177,1,1
57,0,1997,1,104,5,1
57,0,1997,1,122,1,1
55,0,1997,45,88,1,1
8,0,1997,1,130,1,1
67,252,1997,252,232,8,1
67,252,1997,252,51,1,1
67,252,1997,252,91,1,1
20,0,1997,31,136,6,1
67,121,1997,31,11,9,0
67,304,1997,31,104,2,0
67,0,1997,31,87,1,0
34,0,1997,1,104,2,0
34,0,1997,1,196,1,0
34,0,1997,1,230,2,0
63,184,1997,1,233,5,1
67,252,1997,26,232,8,1
67,252,1997,26,51,1,1
67,252,1997,26,91,1,1
67,7,1997,10,232,5,0
67,7,1997,10,91,1,0
67,7,1997,10,51,1,0
67,384,1996,369,104,5,0
67,0,1996,369,133,2,0
67,0,1996,369,126,1,0
67,388,1997,1,112,1,1
67,0,1997,1,131,2,1
67,22,1997,1,232,1,1
67,388,1997,1,9,1,1
67,22,1997,1,51,1,1
67,22,1997,1,91,1,1
67,388,1997,1,186,1,1
67,388,1997,1,179,1,1
67,0,1997,1,83,1,1
67,204,1997,1,25,1,1
67,204,1997,1,104,1,1
34,0,1997,1,55,2,1
34,0,1997,1,177,1,1
34,0,1997,1,104,11,1
34,0,1997,1,230,2,1
39,153,1997,1,230,6,1
39,0,1997,1,221,1,1
39,0,1997,1,25,1,1
39,0,1997,1,223,2,1
34,69,1997,1,104,2,0
34,69,1997,1,230,1,0
67,314,1996,334,104,7,0
63,0,1997,108,233,6,1
63,219,1997,108,104,1,1
39,28,1997,119,42,4,1
13,0,1997,1,104,3,0
13,0,1997,1,133,2,0
67,0,1997,1,110,7,1
39,207,1997,178,25,2,0
39,207,1997,178,223,1,0
67,214,1997,1,122,1,0
67,0,1997,1,176,1,0
67,14,1997,1,104,13,0
67,0,1997,1,133,2,0
63,108,1997,90,233,4,0
39,179,1997,1,25,3,1
39,179,1997,1,223,3,1
29,0,1997,1,232,2,1
7,0,1997,1,232,2,1
23,0,1997,1,232,2,1
67,0,1997,1,1,11,1
67,4,1997,60,1,7,1
55,0,1997,1,118,2,0
55,198,1997,1,104,3,0
22,0,1997,1,104,2,0
22,0,1997,1,122,1,0
67,3,1997,5,1,8,1
67,0,1997,5,17,1,1
67,62,1997,5,104,2,1
67,3,1997,1,1,4,1
67,14,1997,24,1,7,1
39,0,1997,9,115,3,1
34,28,1997,61,230,5,1
55,0,1997,1,1,4,1
16,0,1997,27,198,2,1
20,0,1997,1,160,4,1
20,0,1997,1,196,1,1
20,0,1997,1,216,2,1
67,0,1997,31,47,9,0
67,14,1997,31,104,1,0
39,0,1997,1,198,2,1
67,0,1997,1,209,1,0
39,0,1997,1,87,3,1
39,263,1997,1,104,1,1
2,0,1997,1,61,1,0
2,0,1997,1,104,11,0
2,0,1997,1,36,1,0
67,85,1997,2,104,2,0
67,0,1997,27,47,3,0
67,398,1997,1,180,12,1
67,0,1997,1,177,1,1
67,86,1997,1,104,1,1
39,60,1997,1,87,9,1
39,45,1997,1,198,3,0
16,0,1997,1,197,5,1
63,0,1997,1,232,3,0
63,0,1997,1,126,3,0
63,159,1997,1,104,1,0
39,12,1997,1,198,2,1
34,0,1997,1,55,1,1
34,153,1997,1,230,6,1
34,242,1997,1,104,1,1
39,0,1997,104,198,5,0
39,0,1997,1,183,1,1
16,33,1997,1,198,1,1
39,6,1997,2,183,3,1
39,96,1997,19,198,5,1
39,73,1997,19,104,1,1
27,0,1998,1,104,1,0
27,0,1998,1,17,1,0
3,0,1997,1,87,6,1
3,0,1997,1,57,1,1
3,0,1997,1,104,2,1
39,400,1997,1,83,1,1
39,247,1997,1,230,4,1
39,247,1997,1,221,1,1
27,0,1997,33,17,1,0
39,327,1997,334,104,1,1
39,119,1997,334,42,3,1
39,39,1998,1,104,2,1
39,892,1998,1,9,1,1
27,0,1998,1,17,1,0
67,0,1998,1,149,8,0
27,0,1997,36,17,1,0
39,0,1997,1,66,3,1
39,0,1997,1,148,1,1
27,0,1998,1,17,1,0
3,30,1997,39,104,3,1
3,0,1997,39,87,6,1
3,0,1997,39,196,1,1
3,30,1997,39,57,1,1
27,0,1997,17,17,2,0
27,0,1997,25,17,2,0
3,7,1998,1,87,3,1
3,0,1998,1,223,2,1
3,7,1998,1,104,1,1
27,0,1998,1,17,1,0
27,0,1998,1,17,1,0
67,0,1998,23,230,7,1
67,550,1998,23,221,2,1
67,113,1998,23,104,1,1
39,38,1998,1,198,2,0
39,0,1997,81,240,2,1
39,41,1997,81,230,3,1
39,41,1997,81,83,1,1
39,61,1997,70,240,5,1
39,77,1998,1,198,1,1
55,0,1997,61,152,2,0
67,0,1998,31,147,1,0
67,24,1998,31,104,2,0
67,112,1998,31,177,1,0
67,493,1998,31,122,1,0
39,39,1998,1,198,6,0
39,0,1998,28,193,4,1
39,0,1998,28,196,1,1
39,86,1998,1,148,3,0
39,9,1998,1,193,4,0
27,0,1997,1,17,5,0
27,0,1997,1,104,1,0
39,46,1998,69,193,7,1
39,81,1998,1,104,7,1
39,790,1998,1,207,2,1
39,0,1998,1,171,3,1
39,0,1998,1,23,2,1
39,439,1998,1,136,2,1
39,120,1998,1,148,1,1
39,0,1998,1,209,6,0
39,0,1998,1,11,4,0
55,25,1997,1,1,4,1
55,213,1997,1,180,1,1
55,0,1997,1,117,1,1
67,664,1998,41,138,3,1
67,396,1997,1,196,1,1
67,432,1997,1,122,1,1
67,592,1997,1,115,1,1
67,592,1997,1,64,1,1
67,85,1997,1,104,1,1
65,0,1998,1,13,2,0
65,0,1998,1,121,1,0
65,0,1998,1,230,2,0
65,0,1998,1,161,5,1
65,0,1998,1,121,1,1
65,0,1998,1,104,1,1
39,5,1998,28,83,2,1
39,26,1998,1,230,8,1
33,0,1998,1,42,5,1
33,0,1998,137,110,2,1
33,0,1998,137,230,4,1
33,138,1998,137,42,3,1
33,0,1998,137,83,1,1
55,521,1998,1,104,12,0
55,0,1998,1,111,3,0
55,308,1998,1,1,1,0
55,0,1998,1,170,1,0
55,0,1998,1,106,1,0
42,0,1998,1,67,1,1
39,39,1998,181,198,1,0
39,0,1998,181,57,1,0
42,0,1998,93,67,6,1
42,0,1998,93,104,1,1
42,0,1998,93,17,1,1
39,0,1998,15,152,9,1
39,0,1998,1,11,1,1
39,735,1998,61,160,5,1
67,24,1998,207,221,3,0
29,0,1998,30,168,1,1
7,0,1998,30,168,1,1
23,0,1998,30,168,1,1
21,0,1998,27,196,3,1
21,0,1998,27,104,2,1
39,112,1998,1,198,1,0
55,626,1998,1,104,3,0
55,0,1998,1,152,1,0
55,0,1998,1,163,2,0
55,413,1998,1,1,1,0
55,0,1998,1,45,2,0
55,0,1998,1,106,1,0
39,0,1998,1,161,9,1
39,141,1998,1,104,1,0
39,51,1998,1,161,14,1
67,193,1998,1,221,4,0
20,0,1998,89,111,9,0
39,0,1998,1,154,1,1
39,0,1998,1,13,1,1
39,20,1998,1,161,9,1
39,123,1998,1,104,1,1
39,21,1998,61,193,4,1
39,0,1998,61,201,1,1
39,0,1998,1,19,3,1
39,36,1998,1,104,1,1
57,0,1998,1,241,2,1
39,112,1998,1,11,10,0
39,0,1998,1,17,1,1
39,0,1998,1,180,2,1
39,0,1998,1,170,1,1
39,16,1998,1,104,1,1
39,873,1998,1,233,2,1
39,212,1998,1,196,1,1
39,1039,1998,1,216,1,1
67,0,1998,1,234,4,1
67,307,1998,1,104,1,1
39,0,1998,1,57,1,0
39,21,1998,1,104,1,0
39,0,1998,1,64,9,1
39,499,1998,1,25,3,0
39,499,1998,1,223,1,0
39,0,1998,1,143,1,0
39,24,1998,1,104,1,0
39,144,1998,123,104,3,1
39,61,1998,123,83,3,1
39,120,1998,123,230,2,1
40,0,1998,62,92,1,1
20,0,1998,1,111,8,0
20,0,1998,1,104,1,0
39,0,1998,1,168,3,1
39,1035,1998,24,53,2,0
20,0,1998,1,166,4,1
67,63,1998,1,104,2,0
67,0,1998,1,23,2,0
16,0,1998,1,11,3,0
3,0,1998,40,78,3,1
3,249,1998,40,196,1,1
3,0,1998,40,9,1,1
67,0,1998,1,171,3,0
67,53,1998,1,104,21,0
67,0,1998,1,116,1,0
67,0,1998,1,23,1,0
67,411,1998,1,177,1,0
67,67,1998,1,104,10,0
67,0,1998,1,171,1,0
67,425,1998,1,177,1,0
67,70,1998,1,104,9,1
67,0,1998,1,23,6,1
67,0,1998,1,171,1,1
67,0,1998,1,44,1,1
67,0,1998,1,8,1,1
67,835,1998,1,38,1,1
67,10,1998,1,171,1,1
67,10,1998,1,23,8,1
67,10,1998,1,104,14,1
67,10,1998,1,44,3,1
67,10,1998,1,38,1,1
67,438,1998,1,177,1,1
67,10,1998,1,8,1,1
39,0,1998,6,3,3,1
39,0,1998,11,111,6,1
39,72,1998,11,104,2,1
67,22,1998,22,104,24,1
67,22,1998,22,8,2,1
67,22,1998,22,171,3,1
67,22,1998,22,23,6,1
67,22,1998,22,44,5,1
67,823,1998,22,29,2,1
67,22,1998,22,38,3,1
67,0,1998,22,184,1,1
67,22,1998,27,104,18,1
67,22,1998,27,171,2,1
67,365,1998,27,236,2,1
67,22,1998,27,44,3,1
67,22,1998,27,23,7,1
67,22,1998,27,8,2,1
67,22,1998,27,38,1,1
67,0,1998,27,111,1,1
67,22,1998,27,177,1,1
67,876,1998,1,198,3,1
39,562,1998,1,223,2,0
67,219,1998,94,230,2,1
20,0,1998,16,91,5,1
20,500,1998,16,216,1,1
67,0,1998,1,170,1,1
67,25,1998,1,104,1,1
67,0,1998,695,217,5,1
68,0,1999,1,170,2,0
68,0,1999,1,104,3,0
68,0,1999,1,189,1,0
67,0,1998,1,92,3,1
67,0,1998,1,210,1,1
39,550,1998,1,87,4,1
67,39,1999,1,92,6,1
67,39,1999,1,210,1,1
39,0,1999,1,5,5,1
3,350,1999,1,104,3,1
3,357,1999,1,57,3,1
20,699,1999,1,136,7,1
39,260,1998,285,223,7,0
39,260,1998,285,25,3,0
67,0,1999,1,161,4,1
67,0,1999,1,86,1,1
67,0,1999,51,21,3,1
67,0,1999,51,31,1,1
67,9,1999,51,104,1,1
39,95,1999,1,104,1,1
39,0,1999,1,209,1,1
39,967,1999,1,186,1,1
39,589,1999,1,115,1,1
40,0,1999,13,161,4,1
40,0,1999,13,104,1,1
67,48,1999,1,92,4,1
39,405,1999,1,240,1,1
39,197,1999,1,230,1,1
20,0,1999,1,111,4,0
20,0,1999,38,104,1,1
20,0,1999,38,136,4,1
21,0,1999,16,191,2,1
67,560,1998,128,9,5,1
67,0,1999,1,173,1,1
20,0,1999,14,111,6,0
67,51,1999,1,21,2,1
67,51,1999,1,31,1,1
67,627,1999,1,1,6,1
67,0,1999,1,189,3,1
67,26,1999,1,104,2,1
67,6,1999,1,1,17,1
67,509,1999,1,122,1,1
67,0,1999,1,117,1,1
67,6,1999,1,104,3,1
67,6,1999,1,189,1,1
67,10,1999,1,92,1,0
27,0,1999,16,104,2,0
27,0,1999,16,17,1,0
27,0,1999,1,104,3,0
27,0,1999,1,17,1,0
27,0,1999,1,170,1,0
26,0,1999,1,17,3,0
26,0,1999,1,121,1,0
26,0,1999,1,104,2,0
26,0,1999,1,170,1,0
67,8,1999,1,92,1,1
67,40,1999,1,210,1,1
39,128,1999,1,111,4,1
26,0,1999,1,121,2,1
26,0,1999,1,104,3,1
26,0,1999,1,17,1,1
26,0,1999,1,170,1,1
67,0,1999,94,21,2,1
67,0,1999,94,31,1,1
39,26,1999,19,104,1,0
39,0,1999,19,202,3,0
10,0,1999,1,1,4,0
10,0,1999,1,189,1,0
67,50,1999,1,92,2,0
50,0,1999,22,221,5,1
50,0,1999,22,104,1,1
67,52,1999,1,92,3,1
67,7,1999,1,92,2,1
67,59,1999,1,210,1,1
67,35,1999,1,104,1,1
67,59,1999,1,92,1,1
67,59,1999,1,210,3,1
67,28,1999,117,230,4,1
67,0,1999,117,240,1,1
67,0,1999,117,209,1,1
39,635,1999,31,223,4,1
39,635,1999,31,25,1,1
67,5,1999,1,230,4,1
67,4,1999,1,104,1,1
67,0,1999,1,191,1,1
69,0,1999,5,104,2,1
69,0,1999,5,196,1,1
69,0,1999,5,126,1,1
69,0,1999,5,230,7,1
69,0,1999,5,87,1,1
69,0,1999,5,11,1,1
69,0,1999,5,57,1,1
69,0,1999,5,191,1,1
67,15,1999,1,1,6,1
67,15,1999,1,189,1,1
67,0,1999,1,163,1,1
67,3,1999,6,230,4,1
67,3,1999,6,191,1,1
16,0,1999,29,22,3,0
39,970,1999,61,179,1,1
39,3,1999,61,186,5,1
67,6,1999,10,230,3,1
67,545,1999,10,57,1,1
67,52,1999,1,92,3,0
67,52,1999,1,210,1,0
67,16,1999,1,209,3,1
67,538,1999,19,196,1,1
67,17,1999,19,230,5,1
67,5,1999,19,240,1,1
67,17,1999,19,57,1,1
69,12,1999,24,196,1,1
69,12,1999,24,230,5,1
69,0,1999,24,240,1,1
69,0,1999,24,192,1,1
69,0,1999,24,104,1,1
69,12,1999,24,57,1,1
20,38,1999,104,104,19,1
20,0,1999,104,116,2,1
20,38,1999,104,136,2,1
20,0,1999,104,148,6,1
20,0,1999,104,111,2,1
20,0,1999,104,36,1,1
20,0,1999,104,118,1,1
20,0,1999,104,158,1,1
69,17,1999,18,196,1,1
69,17,1999,18,240,1,1
69,17,1999,18,230,4,1
69,17,1999,18,192,1,1
69,17,1999,18,104,1,1
69,17,1999,18,57,1,1
39,291,1999,30,152,3,1
39,49,1999,30,104,1,1
69,18,1999,20,196,1,1
69,18,1999,20,240,1,1
69,18,1999,20,192,1,1
69,18,1999,20,104,1,1
69,18,1999,20,230,3,1
69,18,1999,20,57,1,1
39,128,1999,1,5,6,1
39,335,1999,109,171,2,1
39,76,1999,109,104,8,1
39,0,1999,109,202,4,1
39,0,1999,109,124,2,1
39,0,1999,109,232,2,1
39,335,1999,109,23,5,1
39,777,1999,109,110,2,1
39,0,1999,109,44,1,1
39,212,1999,109,161,2,1
39,16,1999,109,230,1,1
33,228,1999,120,110,3,0
45,0,1999,1,196,1,1
45,0,1999,1,31,2,1
45,0,1999,1,9,2,1
45,0,1999,1,104,1,1
33,0,1999,30,87,11,1
39,15,1999,6,161,7,1
39,15,1999,6,104,1,1
65,0,1999,1,230,1,0
16,627,1999,1,197,4,1
39,31,1999,59,179,4,1
67,0,1999,1,126,3,0
39,6,1999,1,179,1,0
39,323,1999,1,216,2,0
39,0,1999,1,126,1,0
39,109,1999,1,202,6,1
39,130,1999,1,104,1,1
50,0,1999,1,161,5,1
67,0,1999,1,139,1,0
67,0,1999,1,43,1,0
39,66,1999,1,232,5,1
39,0,1999,1,91,1,1
39,55,1999,1,161,8,1
39,185,1999,1,104,1,1
39,122,1999,1,223,1,0
39,122,1999,1,25,2,0
39,217,1999,1,87,1,0
67,130,1999,1,104,7,1
39,350,1999,5,233,2,1
67,9,1999,1,104,4,1
50,0,1999,133,53,5,1
47,0,1999,1,104,9,1
67,873,1999,35,83,4,1
67,634,1999,1,221,2,1
39,89,1999,42,5,2,1
21,0,1999,9,55,2,1
39,408,1999,17,83,4,1
39,0,1999,1,228,3,0
39,34,1999,1,104,1,0
20,165,1999,7,104,5,0
39,136,1999,1,230,3,0
39,60,1999,1,104,1,0
39,75,1999,1,230,1,1
39,344,1999,1,180,1,1
39,1086,1999,1,122,1,1
67,107,1999,1,104,1,0
67,219,1999,1,196,2,0
39,528,1999,36,193,3,1
63,0,1999,30,126,6,0
63,0,1999,30,232,1,0
63,926,1999,30,104,2,0
63,0,1999,30,76,1,0
20,273,2000,1,111,7,0
20,273,2000,1,104,1,0
50,0,1999,91,170,11,0
50,0,1999,91,17,2,0
50,153,1999,91,104,8,0
50,0,1999,91,180,1,0
50,0,1999,91,47,1,0
63,0,1999,75,126,3,0
20,72,1999,326,111,5,0
20,72,1999,326,104,2,0
20,72,1999,326,116,1,0
20,230,1999,1,111,10,0
20,230,1999,1,104,2,0
45,0,1999,79,196,1,1
45,0,1999,79,233,3,1
45,122,1999,79,104,1,1
39,250,1999,66,202,5,0
39,65,1999,66,104,1,0
45,0,2000,1,235,3,1
45,16,2000,1,233,3,1
69,165,1999,30,230,3,0
69,165,1999,30,57,1,0
67,903,1999,123,232,1,0
67,699,1999,123,115,4,0
20,0,2000,3,191,2,0
20,0,2000,3,4,1,0
59,0,1999,1,196,5,1
59,0,1999,1,104,2,1
2,0,2000,1,212,5,0
2,0,2000,1,104,1,0
69,200,1998,151,230,4,0
39,181,2000,1,104,1,1
39,366,2000,1,202,1,1
63,1038,2000,1,104,4,0
63,1038,2000,1,233,3,0
63,0,2000,1,121,3,0
63,1060,2000,1,233,1,0
63,1060,2000,1,104,3,0
63,0,2000,1,121,1,0
39,33,2000,40,202,3,0
67,363,2000,42,173,5,1
69,233,2000,47,230,4,0
69,248,2000,47,11,1,0
69,0,2000,47,209,1,0
69,233,2000,47,57,1,0
69,0,2000,47,133,1,0
69,306,2000,1,230,2,0
69,306,2000,1,57,1,0
63,1081,2000,1,104,2,0
63,0,2000,1,186,1,0
63,0,2000,1,126,2,0
67,306,2000,90,210,3,0
67,306,2000,90,92,7,0
67,71,2000,90,173,7,0
67,306,2000,90,92,1,0
67,314,2000,18,196,3,0
67,0,2000,18,149,1,0
67,313,2000,22,196,5,0
67,1274,2000,22,220,1,0
67,0,2000,22,149,1,0
67,319,2000,22,191,1,0
38,0,1999,1,176,1,1
38,0,1999,1,43,1,1
38,0,1999,1,195,1,1
38,0,1999,1,104,1,1
67,232,2000,1,104,3,0
67,357,2000,1,191,3,0
38,270,2000,1,43,1,1
39,275,2000,111,223,2,0
39,275,2000,111,25,3,0
39,60,2000,111,104,1,0
67,0,2000,15,147,7,1
67,335,2000,15,196,1,1
67,223,2000,15,104,4,1
67,0,2000,15,37,2,1
21,0,2000,1,189,5,1
21,648,2000,1,104,1,1
21,0,2000,14,189,5,0
21,0,2000,14,104,1,0
20,0,2000,1,186,2,0
20,0,2000,1,179,1,0
9,0,2000,3,177,4,1
67,443,2000,46,161,5,1
15,0,2000,1,104,4,0
15,0,2000,1,168,4,0
29,0,2000,1,173,3,0
29,0,2000,1,104,1,0
7,0,2000,1,173,3,0
7,0,2000,1,104,1,0
23,0,2000,1,173,3,0
23,0,2000,1,104,1,0
39,0,2000,70,108,1,1
22,0,2000,1,122,2,1
67,25,2000,1,161,3,0
63,0,2000,1,191,6,0
63,0,2000,1,216,1,0
63,1179,2000,1,233,1,0
63,0,2000,1,160,1,0
63,0,2000,1,126,1,0
63,0,2000,1,191,6,0
63,1193,2000,1,233,2,0
63,0,2000,1,126,1,0
44,0,2000,210,194,3,0
67,11,2000,169,173,4,1
67,56,2000,169,104,1,1
20,1137,2000,1,160,4,1
20,621,2000,1,216,1,1
67,59,2000,23,104,2,0
67,3,2000,23,161,2,0
67,0,2000,23,133,1,0
67,309,2000,12,83,4,1
39,70,2000,126,108,2,1
39,0,2000,126,16,1,1
20,21,2000,1,160,2,0
39,334,2000,1,161,4,1
67,3,2000,14,104,3,1
67,499,2000,14,1,2,1
3,0,2000,1,149,3,0
3,0,2000,1,157,1,0
3,625,2000,1,104,1,0
67,148,2000,1,196,3,0
67,663,2000,1,177,3,0
47,0,2000,1,104,1,0
47,0,2000,1,188,1,0
67,7,2000,1,104,1,1
67,0,2000,1,157,4,1
3,0,2000,19,149,10,1
3,0,2000,19,157,3,1
3,618,2000,19,104,2,1
3,0,2000,19,16,1,1
3,3,2000,1,157,5,1
3,28,2000,38,104,2,1
3,31,2000,38,157,3,1
3,9,2000,1,149,4,1
3,1,2000,1,104,2,1
39,0,2000,1,57,7,1
8,0,2000,1,11,7,1
8,0,2000,1,133,1,1
8,1068,2000,1,230,1,1
8,1,2000,1,11,3,0
39,5,2000,1,57,9,1
39,422,2000,1,232,1,1
39,600,2000,1,209,1,1
8,1432,2000,1,104,10,1
8,2,2000,1,11,1,1
8,1423,2000,1,196,1,1
8,2,2000,3,11,7,0
3,8,2000,1,157,1,0
3,9,2000,1,149,3,0
8,2,2000,1,11,7,1
39,1,2000,1,57,9,1
39,1,2000,1,232,1,1
39,1,2000,1,209,1,1
8,5,2000,1,133,1,0
8,5,2000,1,11,4,0
8,6,2000,1,11,1,0
8,5,2000,1,104,3,1
8,7,2000,1,11,1,1
8,1,2000,1,104,17,1
8,1,2000,1,11,2,1
8,0,2000,1,176,1,1
8,0,2000,1,126,1,1
3,15,2000,1,149,4,1
3,14,2000,1,157,1,1
8,1,2000,1,11,4,0
3,4,2000,1,157,7,1
3,11,2000,1,104,1,1
8,2,2000,1,11,1,0
8,3,2000,1,11,8,0
8,0,2000,1,121,1,0
8,3,2000,1,104,2,0
8,0,2000,1,87,1,0
39,7,2000,1,57,10,1
8,4,2000,1,11,3,1
8,1,2000,1,11,1,0
8,2,2000,1,11,5,1
8,0,2000,1,122,1,1
8,1,2000,1,11,4,0
8,2,2000,1,11,1,0
8,9,2000,1,104,6,0
8,3,2000,1,11,3,0
8,4,2000,1,11,1,0
8,4,2000,1,11,2,0
39,0,2000,7,57,10,1
8,6,2000,1,11,1,0
8,3,2000,4,11,3,0
8,8,2000,1,11,4,0
67,1528,2000,1,11,2,0
8,10,2000,1,11,2,0
39,1,2000,6,57,11,1
39,247,2000,6,104,1,1
8,11,2000,1,11,3,0
8,12,2000,1,11,2,0
8,13,2000,1,11,2,0
8,9,2000,4,11,7,1
8,1,2000,1,11,3,0
8,5,2000,1,11,2,0
39,10,2000,1,57,10,1
39,10,2000,1,104,1,1
39,562,2000,32,223,2,1
39,562,2000,32,25,1,1
8,5,2000,7,11,4,0
8,24,2000,7,104,1,0
39,8,2000,1,57,11,1
39,8,2000,1,104,1,1
8,0,2000,1,42,1,0
8,17,2000,1,11,5,0
8,23,2000,1,11,4,1
8,42,2000,1,104,1,1
39,8,2000,1,57,11,1
39,8,2000,1,104,1,1
39,1850,2000,1,177,1,1
8,3,2000,1,11,4,1
8,11,2000,1,11,7,0
39,13,2000,1,57,11,1
39,13,2000,1,177,1,1
20,0,2000,1,29,1,0
20,622,2000,1,104,1,0
20,0,2000,1,9,1,0
20,0,2000,1,31,2,0
8,4,2000,17,11,6,0
39,11,2000,1,57,10,1
8,11,2000,14,11,5,0
67,447,2000,1,230,5,1
67,1429,2000,1,11,1,1
39,10,2001,1,57,10,1
39,81,2001,1,232,1,1
8,11,2000,21,11,5,0
39,6,2001,1,57,9,1
39,6,2001,1,232,1,1
8,64,2000,28,230,1,1
8,11,2000,28,11,6,1
8,28,2000,35,11,4,0
39,11,2001,1,57,9,1
39,38,2001,1,177,1,1
39,10,2001,1,57,9,1
44,1355,2000,92,104,2,1
44,0,2000,92,144,1,1
8,168,2000,1,11,1,1
39,10,2001,1,57,9,1
67,1354,2000,52,112,3,1
67,130,2000,52,173,2,1
67,593,2000,52,57,2,1
67,666,2000,52,9,1,1
67,1037,2000,52,138,1,1
39,8,2001,1,57,9,1
67,2,2001,1,112,3,0
67,0,2001,1,133,1,0
67,2,2001,1,57,3,0
67,1204,2001,1,64,3,0
67,2,2001,1,173,3,0
67,2,2001,1,138,3,0
67,1408,2001,1,91,1,0
67,2,2001,1,9,1,0
67,0,2001,1,87,1,0
67,812,2001,1,177,1,0
8,29,2000,150,122,3,1
8,0,2000,150,121,1,1
8,65,2000,150,104,4,1
8,0,2000,150,210,1,1
8,0,2000,150,191,1,1
8,61,2000,150,11,9,1
8,0,2000,150,55,2,1
8,1053,2000,150,57,1,1
8,107,2000,150,230,1,1
8,17,2000,150,196,1,1
8,0,2000,150,177,1,1
8,0,2000,150,87,1,1
20,685,2001,1,104,3,1
20,685,2001,1,111,6,1
20,0,2001,1,76,1,1
39,9,2001,1,57,9,1
20,6,2001,1,104,2,0
20,6,2001,1,111,7,0
20,6,2001,1,76,1,0
67,15,2001,1,173,1,1
67,15,2001,1,57,3,1
67,0,2001,1,55,2,1
67,825,2001,1,177,1,1
67,15,2001,1,138,3,1
67,0,2001,1,87,1,1
67,666,2001,1,191,1,1
39,683,2001,1,186,1,0
39,11,2001,1,57,3,0
67,45,2001,74,112,3,0
67,60,2001,74,173,2,0
67,60,2001,74,57,3,0
67,60,2001,74,177,1,0
67,1361,2001,74,91,1,0
67,1157,2001,74,64,2,0
67,60,2001,74,55,1,0
67,60,2001,74,87,1,0
67,60,2001,74,191,1,0
20,13,2001,1,111,6,0
20,13,2001,1,104,2,0
20,13,2001,1,76,1,0
16,1501,2001,1,5,2,0
16,0,2001,1,104,1,0
16,1501,2001,1,5,3,0
67,1411,2001,33,179,4,0
67,10,2001,33,138,4,0
67,10,2001,33,57,2,0
67,10,2001,33,55,1,0
67,1411,2001,33,91,1,0
39,24,2001,1,57,9,1
67,1207,2001,35,115,2,0
67,163,2001,35,104,4,0
67,10,2001,35,138,3,0
67,5,2001,35,112,3,0
67,10,2001,35,55,1,0
67,10,2001,35,57,3,0
67,10,2001,35,87,1,0
67,1411,2001,35,131,2,0
67,1411,2001,35,91,1,0
67,10,2001,35,173,1,0
67,10,2001,35,177,1,0
67,1207,2001,35,64,1,0
67,38,2001,1,173,1,1
39,20,2001,1,57,10,1
67,59,2001,97,57,4,0
67,1362,2001,97,179,7,0
67,44,2001,97,112,3,0
67,766,2001,97,236,1,0
67,59,2001,97,138,2,0
67,251,2001,97,196,1,0
67,1362,2001,97,91,1,0
67,97,2001,97,173,2,0
67,59,2001,97,55,1,0
67,1158,2001,97,115,2,0
67,250,2001,80,37,3,1
67,250,2001,80,196,2,1
67,113,2001,80,104,18,1
67,0,2001,80,121,2,1
67,60,2001,80,177,2,1
67,1361,2001,80,91,1,1
67,633,2001,80,163,1,1
67,1157,2001,80,115,1,1
67,0,2001,80,149,1,1
67,80,2001,80,37,3,1
67,80,2001,80,196,2,1
67,80,2001,80,104,18,1
67,80,2001,80,121,2,1
67,80,2001,80,177,2,1
67,80,2001,80,91,1,1
67,0,2001,80,192,1,1
67,80,2001,80,163,1,1
67,80,2001,80,115,1,1
67,80,2001,80,149,1,1
27,0,2001,1,17,4,0
27,0,2001,1,104,5,0
27,0,2001,1,170,2,0
27,0,2001,1,104,4,0
27,0,2001,1,17,1,0
67,46,2001,1,173,6,0
67,64,2001,1,196,1,0
67,0,2001,1,194,1,0
67,965,2001,16,234,3,1
67,16,2001,1,234,3,1
67,67,2001,1,104,1,1
20,219,2001,1,216,4,1
20,1356,2001,1,196,1,1
67,32,2001,14,234,3,1
20,784,2001,1,148,5,1
20,99,2001,1,111,1,1
67,0,2001,20,178,1,1
67,0,2001,20,43,1,1
65,0,2001,1,178,1,0
65,0,2001,1,43,1,0
67,52,2001,1,173,4,0
65,0,2001,1,43,1,1
65,0,2001,1,178,1,0
67,20,2001,32,178,1,1
67,20,2001,32,43,1,1
67,57,2001,32,121,1,1
67,108,2001,41,104,25,1
67,41,2001,41,37,3,1
67,41,2001,41,196,3,1
67,41,2001,41,177,3,1
67,130,2001,41,121,2,1
67,1400,2001,41,179,1,1
67,41,2001,41,91,1,1
67,41,2001,41,192,1,1
67,41,2001,41,163,1,1
67,41,2001,41,115,1,1
67,41,2001,41,149,1,1
65,0,2001,1,177,1,1
65,0,2001,1,178,1,1
65,12,2001,1,43,1,1
65,1241,2001,1,121,1,1
67,92,2001,1,104,1,0
67,92,2001,1,196,1,0
67,92,2001,1,149,1,0
21,0,2001,1,236,4,0
21,0,2001,13,236,3,1
21,446,2001,13,104,1,1
39,358,2001,1,161,5,1
39,1837,2001,1,138,3,1
39,232,2001,1,104,1,1
39,1264,2001,63,42,2,0
39,9,2001,1,138,2,1
39,675,2001,1,180,3,0
39,18,2001,1,104,1,0
67,558,2001,1,221,2,0
39,9,2001,1,138,1,1
39,9,2001,1,138,1,0
20,350,2001,1,160,2,0
20,130,2001,1,196,1,0
20,130,2001,1,216,1,0
20,164,2001,1,216,2,1
39,23,2001,1,138,1,1
21,0,2001,40,37,4,0
20,189,2001,1,104,2,1
20,1,2001,1,216,3,1
20,0,2001,1,133,1,1
20,4,2001,1,216,5,1
20,7,2001,1,104,3,0
20,11,2001,1,216,2,0
67,558,2001,1,221,5,1
39,715,2001,52,179,3,1
39,11,2001,52,104,1,1
39,89,2001,52,57,2,1
39,0,2001,52,51,2,1
39,691,2001,52,91,2,1
39,0,2001,52,112,1,1
39,1032,2001,52,216,2,1
20,177,2001,1,196,1,0
20,16,2001,1,216,4,0
20,23,2001,1,216,2,0
20,0,2001,1,31,1,0
20,184,2001,1,196,1,0
39,126,2001,145,104,3,1
39,958,2001,145,196,1,1
39,1208,2001,145,9,1,1
39,0,2001,145,31,1,1
39,1035,2001,145,160,1,1
39,126,2001,145,57,2,1
39,126,2001,145,91,2,1
39,126,2001,145,216,2,1
39,856,2001,145,87,1,1
39,126,2001,145,51,1,1
20,24,2001,1,104,8,0
20,189,2001,1,196,1,0
20,28,2001,1,216,2,0
29,0,2001,1,104,7,0
7,0,2001,1,104,7,0
23,0,2001,1,104,7,0
67,154,2001,1,221,5,0
67,435,2001,1,230,4,1
67,202,2001,1,104,1,1
20,198,2001,1,196,2,0
20,37,2001,1,216,5,0
20,0,2001,1,9,1,0
29,0,2001,1,104,5,0
7,0,2001,1,104,5,0
23,0,2001,1,104,5,0
29,0,2001,1,104,3,0
7,0,2001,1,104,3,0
23,0,2001,1,104,3,0
29,0,2001,1,104,3,0
7,0,2001,1,104,3,0
23,0,2001,1,104,3,0
29,0,2001,1,104,5,1
7,0,2001,1,104,5,1
23,0,2001,1,104,5,1
29,1,2001,1,104,3,0
7,1,2001,1,104,3,0
23,1,2001,1,104,3,0
67,6,2001,1,230,3,1
29,4,2001,1,104,3,0
7,4,2001,1,104,3,0
23,4,2001,1,104,3,0
29,5,2001,1,104,3,0
7,5,2001,1,104,3,0
23,5,2001,1,104,3,0
29,6,2001,1,104,3,0
7,6,2001,1,104,3,0
23,6,2001,1,104,3,0
29,8,2001,1,104,3,0
7,8,2001,1,104,3,0
23,8,2001,1,104,3,0
29,11,2001,1,104,3,0
7,11,2001,1,104,3,0
23,11,2001,1,104,3,0
29,12,2001,1,104,3,0
7,12,2001,1,104,3,0
23,12,2001,1,104,3,0
29,13,2001,1,104,3,0
7,13,2001,1,104,3,0
23,13,2001,1,104,3,0
29,15,2001,1,104,3,1
7,15,2001,1,104,3,1
23,15,2001,1,104,3,1
29,2,2001,1,104,3,1
7,2,2001,1,104,3,1
23,2,2001,1,104,3,1
20,2151,2001,1,55,2,0
20,0,2001,1,126,1,0
20,2157,2001,1,55,2,0
29,17,2001,1,104,3,1
7,17,2001,1,104,3,1
23,17,2001,1,104,3,1
39,928,2001,1,186,5,1
39,12,2001,1,186,3,1
67,0,2001,1,130,3,1
67,1646,2001,1,25,1,1
8,1717,2001,71,130,4,1
8,1,2001,1,130,5,1
8,287,2001,1,196,1,1
8,287,2001,1,230,1,1
8,422,2001,1,133,1,1
67,63,2001,1,104,3,0
67,265,2001,1,121,2,0
8,1,2001,1,130,2,1
8,3,2001,1,130,1,1
8,1,2001,1,130,6,0
67,154,2001,91,173,5,0
8,293,2001,1,104,1,0
8,2,2001,1,130,1,0
8,3,2001,1,130,2,1
8,4,2001,1,130,2,1
8,302,2001,1,104,1,1
8,0,2001,1,240,1,1
8,15,2001,1,230,1,1
8,4,2001,1,130,1,1
8,5,2002,1,130,2,1
8,6,2002,1,104,1,1
8,6,2002,1,240,1,1
8,6,2002,1,230,1,1
8,1,2002,1,130,1,1
8,4,2002,1,104,1,0
8,4,2002,1,240,1,0
8,4,2002,1,230,1,0
8,4,2002,1,130,1,0
8,5,2002,1,240,1,1
8,5,2002,1,130,3,1
8,5,2002,1,230,1,1
67,0,2002,1,13,4,0
38,553,2001,77,43,1,1
67,193,2001,107,37,1,1
67,12,2001,107,25,1,1
20,0,2002,1,9,5,0
8,13,2002,1,240,1,1
8,13,2002,1,130,3,1
8,13,2002,1,230,1,1
38,77,2001,84,43,1,1
67,8,2002,2,25,1,0
67,0,2002,2,223,1,0
8,12,2002,4,240,1,0
8,12,2002,4,230,1,0
67,1697,2002,1,17,2,1
67,0,2001,1,13,6,0
67,309,2001,1,147,1,0
67,76,2001,154,230,7,1
67,344,2001,154,83,1,1
16,0,2002,15,180,7,1
16,0,2002,15,104,1,1
67,145,2001,155,173,5,1
67,183,2001,155,55,1,1
67,39,2001,155,104,1,1
8,26,2002,3,240,1,0
8,352,2002,3,55,1,0
8,26,2002,3,230,1,0
8,34,2002,1,130,1,0
39,792,2001,124,230,8,1
8,43,2002,1,130,2,0
67,319,2002,6,91,2,0
67,254,2001,92,91,3,1
67,155,2001,183,173,3,1
67,155,2001,183,104,1,1
8,34,2002,17,240,3,0
8,73,2002,17,196,1,0
8,34,2002,17,130,3,0
8,34,2002,17,230,2,0
39,124,2001,133,230,3,1
55,0,2002,1,111,2,1
8,59,2002,2,240,3,0
8,0,2002,2,83,1,0
8,59,2002,2,230,1,0
8,59,2002,2,130,1,0
39,0,2001,159,197,4,1
39,8,2001,159,104,1,1
67,0,2002,54,139,2,0
67,0,2002,1,139,2,1
67,3,2002,1,139,4,0
67,395,2002,7,179,6,0
67,49,2002,7,104,5,0
67,415,2002,7,57,1,0
67,49,2002,7,91,2,0
67,95,2002,7,37,1,0
67,430,2002,7,9,1,0
55,1948,2002,24,104,2,1
55,13,2002,24,111,3,1
8,58,2002,48,130,2,1
67,73,2002,1,91,3,0
67,119,2002,1,37,1,0
67,73,2002,1,104,1,0
67,705,2002,1,161,2,0
16,1033,2002,41,197,5,1
67,1127,2002,1,240,4,0
67,190,2002,1,130,2,0
67,161,2002,1,230,1,0
67,1121,2002,1,240,2,1
55,0,2002,1,38,6,1
55,51,2002,1,104,1,1
67,105,2002,48,130,4,1
67,79,2002,48,240,1,1
67,153,2001,212,104,2,1
67,472,2001,212,161,4,1
39,1512,2002,30,198,4,1
67,53,2002,1,130,2,0
67,31,2002,1,240,2,0
55,14,2002,1,38,4,0
67,77,2002,1,161,3,1
67,77,2002,1,104,1,1
39,1095,2002,28,110,3,1
55,14,2002,1,38,1,1
55,0,2002,1,171,3,1
55,14,2002,1,104,1,1
55,7,2002,1,38,2,1
55,0,2002,1,44,1,1
39,195,2002,43,186,1,1
39,278,2002,43,179,3,1
39,278,2002,43,112,1,1
67,0,2002,1,202,1,0
68,0,2002,1,202,2,1
67,509,2002,1,196,2,1
67,0,2002,1,202,2,1
67,27,2002,1,104,1,1
39,692,2002,1,16,1,1
39,294,2002,1,216,2,1
39,28,2002,49,110,1,1
55,0,2002,1,207,2,1
67,0,2002,1,104,1,1
67,0,2002,1,202,1,1
67,17,2002,1,91,2,1
67,63,2002,1,37,1,1
68,0,2002,1,104,1,1
68,0,2002,1,202,3,1
67,1922,2002,1,110,2,0
47,0,2002,1,104,5,0
68,21,2002,1,104,1,1
68,0,2002,1,121,1,1
68,21,2002,1,202,2,1
39,49,2002,66,110,3,1
68,28,2002,1,202,2,0
67,477,2002,1,234,3,1
67,16,2002,1,104,1,1
47,0,2002,1,104,4,0
67,2295,2002,61,42,7,1
67,148,2002,61,55,1,1
67,1917,2002,61,110,2,1
67,60,2002,61,104,1,1
67,466,2002,61,177,1,1
39,168,2002,1,197,2,1
47,0,2002,1,104,4,0
47,0,2002,1,177,4,0
67,2,2002,1,42,5,0
67,2,2002,1,110,3,0
67,2,2002,1,104,2,0
39,111,2002,113,197,3,0
39,343,2002,1,160,3,1
39,0,2002,1,55,1,1
39,109,2002,62,230,5,1
47,0,2002,1,104,4,0
47,0,2002,1,177,3,0
47,0,2002,1,177,5,1
47,0,2002,1,104,4,0
47,0,2002,1,104,4,0
47,11,2002,1,177,5,1
67,23,2002,4,110,5,0
67,23,2002,4,42,6,0
20,0,2002,1,9,3,1
20,9,2002,1,9,10,1
47,0,2002,1,104,4,0
47,11,2002,1,177,5,1
20,7,2002,1,9,10,1
47,0,2002,1,104,4,0
47,6,2002,1,177,5,1
47,5,2002,1,177,5,0
20,0,2002,7,9,10,1
47,0,2002,1,104,4,0
47,12,2002,1,177,5,0
20,10,2002,17,9,11,1
47,19,2002,1,177,6,1
47,7,2002,1,177,6,1
47,0,2002,1,104,4,0
39,49,2002,1,230,6,1
20,7,2002,27,9,18,1
20,11,2002,19,9,17,1
20,430,2002,19,104,1,1
67,272,2002,52,230,4,1
68,0,2002,40,196,1,1
68,0,2002,40,230,5,1
68,1,2002,1,230,5,0
68,1,2002,1,196,1,0
68,0,2002,1,212,1,0
8,362,2002,1,104,1,1
8,344,2002,1,240,1,1
8,344,2002,1,230,1,1
8,238,2002,1,130,1,1
39,161,2002,14,216,2,0
53,0,2003,1,161,6,0
53,0,2003,1,86,1,0
53,0,2003,1,104,1,0
20,589,2003,1,111,4,1
53,0,2003,1,161,4,1
53,0,2003,1,104,1,1
20,0,2003,1,29,1,0
20,670,2003,1,196,2,0
20,0,2003,1,31,3,0
20,56,2003,1,9,1,0
40,0,2003,25,91,4,1
67,312,2003,7,91,5,1
67,209,2002,1,240,3,0
67,209,2002,1,130,2,0
67,9,2002,1,230,1,0
67,280,2003,1,240,2,1
67,80,2003,1,230,1,1
63,2123,2003,1,104,1,0
63,0,2003,1,121,2,0
63,2123,2003,1,233,1,0
67,1511,2003,1,170,2,1
67,2,2003,1,170,6,1
68,21,2003,1,230,2,1
68,21,2003,1,196,1,1
67,2,2003,1,240,4,1
67,406,2003,1,83,1,1
67,282,2003,1,130,2,1
67,2,2003,1,230,3,1
40,0,2002,1,17,1,1
40,0,2002,1,170,2,1
40,1359,2002,1,104,3,1
67,1,2003,1,240,3,1
8,50,2003,1,240,5,1
8,50,2003,1,130,2,1
8,50,2003,1,230,2,1
27,0,2003,42,17,1,1
27,0,2003,42,104,2,1
27,0,2003,42,170,2,1
40,96,2003,1,17,1,1
40,96,2003,1,104,1,1
40,96,2003,1,170,1,1
27,0,2003,1,17,2,1
27,42,2003,1,170,3,1
27,42,2003,1,104,1,1
8,7,2003,1,240,3,0
67,21,2003,1,91,7,1
27,61,2002,118,17,2,1
27,61,2002,118,170,3,1
27,61,2002,118,104,1,1
8,9,2003,1,240,3,0
8,0,2003,1,83,1,0
8,59,2003,1,104,1,0
8,9,2003,1,230,1,0
8,17,2003,1,240,3,1
8,0,2003,1,83,1,1
8,737,2003,1,55,1,1
8,737,2003,1,121,2,1
8,17,2003,1,230,1,1
8,67,2003,1,104,1,1
8,864,2003,1,126,1,1
67,53,2003,64,91,8,1
65,0,2003,1,78,3,1
65,0,2003,1,196,1,1
65,0,2003,1,230,2,1
65,0,2003,1,9,1,1
27,8,2003,21,17,3,1
27,8,2003,21,104,6,1
27,0,2003,21,122,1,1
27,0,2003,21,106,2,1
27,8,2003,21,170,3,1
27,0,2003,21,133,1,1
67,681,2003,36,179,7,1
8,7,2003,1,240,5,1
8,7,2003,1,104,2,1
8,457,2003,1,196,1,1
8,7,2003,1,83,1,1
8,24,2003,1,130,2,1
8,7,2003,1,55,1,1
8,7,2003,1,121,2,1
8,7,2003,1,230,2,1
8,7,2003,1,126,1,1
58,0,2003,18,126,2,1
58,0,2003,18,170,2,1
58,0,2003,18,104,18,1
58,0,2003,18,106,2,1
58,0,2003,18,117,1,1
58,0,2003,18,45,1,1
58,0,2003,18,177,1,1
58,0,2003,18,196,2,1
58,0,2003,18,17,1,1
58,0,2003,18,163,1,1
58,0,2003,18,79,1,1
58,0,2003,18,122,1,1
58,135,2002,1,117,1,1
58,135,2002,1,104,16,1
58,135,2002,1,170,2,1
58,135,2002,1,106,1,1
58,135,2002,1,17,1,1
58,0,2002,1,104,13,1
58,0,2002,1,133,1,1
58,0,2002,1,106,1,1
58,0,2002,1,121,1,1
58,0,2002,1,170,1,1
58,0,2002,1,17,2,1
58,0,2002,1,67,1,1
58,135,2002,1,163,1,1
58,0,2003,1,126,1,1
58,138,2003,1,104,14,1
58,138,2003,1,106,2,1
58,138,2003,1,121,1,1
58,138,2003,1,170,1,1
58,138,2003,1,17,1,1
58,3,2003,1,177,1,1
58,138,2003,1,163,1,1
58,0,2003,1,189,1,1
58,0,2003,1,1,1,1
58,139,2003,1,67,2,1
58,1,2003,1,104,17,1
58,139,2003,1,133,1,1
58,1,2003,1,121,1,1
58,1,2003,1,170,1,1
58,1,2003,1,177,2,1
58,1,2003,1,106,1,1
58,1,2003,1,17,3,1
58,1,2003,1,163,1,1
58,37,2003,38,104,14,1
58,37,2003,38,67,1,1
58,37,2003,38,170,3,1
58,36,2003,38,189,1,1
58,37,2003,38,17,1,1
58,0,2003,38,176,1,1
58,37,2003,38,163,1,1
58,33,2003,38,79,1,1
58,1,2003,1,104,13,1
58,1,2003,1,17,1,1
58,1,2003,1,170,2,1
65,13,2003,1,78,1,0
65,13,2003,1,196,1,0
65,13,2003,1,9,2,0
65,1874,2003,1,104,1,0
65,13,2003,1,230,2,0
8,9,2003,1,240,5,0
8,9,2003,1,230,1,0
58,6,2003,9,67,1,1
58,7,2003,9,170,4,1
58,7,2003,9,104,18,1
58,5,2003,9,106,3,1
58,5,2003,9,177,1,1
58,7,2003,9,17,1,1
58,6,2003,9,163,1,1
58,9,2003,1,104,8,1
58,9,2003,1,17,1,1
58,9,2003,1,170,1,1
58,5,2003,1,133,1,1
58,119,2002,105,104,14,1
58,119,2002,105,17,1,1
58,119,2002,105,170,2,1
58,128,2002,105,163,1,1
58,28,2003,1,104,8,1
58,27,2003,26,104,25,1
58,1,2003,26,170,5,1
58,1,2003,26,17,3,1
58,0,2003,26,200,1,1
58,0,2003,26,191,1,1
58,24,2003,1,67,1,1
58,26,2003,1,170,5,1
58,26,2003,1,104,9,1
58,24,2003,1,177,2,1
58,24,2003,1,106,1,1
58,26,2003,1,17,1,1
58,1,2003,1,163,1,1
58,21,2003,1,189,1,1
58,29,2003,1,104,1,1
58,29,2003,1,106,2,1
58,29,2003,1,17,1,1
58,8,2003,1,176,1,1
58,8,2003,1,79,1,1
58,29,2003,1,170,1,1
58,29,2003,1,177,1,1
58,7,2003,1,126,1,1
58,17,2003,1,170,6,1
58,17,2003,1,104,12,1
58,3,2003,1,133,1,1
58,17,2003,1,177,2,1
58,17,2003,1,17,3,1
58,12,2003,1,163,1,1
58,104,2002,104,67,1,1
58,116,2002,104,104,6,1
58,133,2002,104,106,2,1
58,116,2002,104,17,1,1
58,116,2002,104,170,2,1
58,116,2002,104,163,1,1
58,116,2002,104,177,2,1
58,133,2002,104,79,1,1
58,0,2002,104,55,1,1
58,104,2002,104,189,1,1
58,133,2002,104,176,1,1
58,1,2003,1,106,1,1
58,1,2003,1,17,1,1
58,1,2003,1,170,2,1
58,1,2003,1,104,3,1
58,14,2003,17,104,12,1
58,14,2003,17,17,1,1
58,0,2003,17,111,1,1
58,14,2003,17,170,3,1
58,31,2003,30,104,9,1
58,1,2003,30,67,1,1
58,31,2003,30,17,2,1
58,31,2003,30,170,3,1
58,1,2003,30,163,1,1
8,19,2003,1,240,4,0
8,19,2003,1,83,1,0
8,19,2003,1,230,1,0
58,135,2002,1,67,1,1
58,135,2002,1,104,14,1
58,135,2002,1,170,5,1
58,0,2002,1,236,1,1
58,104,2002,1,177,1,1
58,105,2002,1,106,1,1
58,136,2002,1,111,1,1
58,130,2002,1,200,1,1
58,135,2002,1,17,1,1
58,120,2002,1,196,1,1
58,135,2002,1,163,1,1
58,136,2003,1,67,1,1
58,136,2003,1,170,5,1
58,136,2003,1,104,12,1
58,136,2003,1,177,1,1
58,136,2003,1,17,2,1
58,136,2003,1,163,1,1
58,3,2003,1,67,1,1
58,3,2003,1,104,3,1
58,3,2003,1,17,1,1
58,16,2003,1,121,1,1
58,3,2003,1,163,1,1
58,3,2003,1,177,1,1
58,24,2003,1,133,1,1
58,17,2003,1,1,1,1
58,38,2003,38,104,17,1
58,35,2003,38,170,6,1
58,38,2003,38,177,9,1
58,102,2003,38,106,2,1
58,38,2003,38,163,1,1
58,38,2003,38,17,2,1
58,2,2003,38,79,1,1
58,2,2003,38,55,1,1
58,55,2003,1,67,1,1
58,55,2003,1,170,9,1
58,55,2003,1,104,11,1
58,55,2003,1,106,1,1
58,55,2003,1,177,3,1
58,55,2003,1,17,1,1
58,85,2003,1,196,1,1
58,55,2003,1,163,1,1
58,19,2003,1,189,1,1
58,50,2003,1,170,5,1
58,50,2003,1,104,24,1
58,50,2003,1,17,2,1
58,50,2003,1,106,3,1
58,50,2003,1,177,5,1
58,50,2003,1,163,2,1
58,50,2003,1,189,1,1
58,7,2003,31,126,1,1
58,26,2003,31,170,3,1
58,26,2003,31,104,14,1
58,26,2003,31,177,4,1
58,26,2003,31,163,2,1
58,26,2003,31,106,1,1
58,109,2003,31,111,1,1
58,26,2003,31,17,4,1
58,31,2003,31,1,2,1
58,31,2003,31,79,1,1
58,36,2003,41,104,54,1
58,36,2003,41,126,2,1
58,36,2003,41,177,5,1
58,36,2003,41,163,3,1
58,0,2003,41,168,2,1
58,36,2003,41,106,3,1
58,0,2003,41,230,1,1
58,36,2003,41,17,3,1
58,36,2003,41,133,1,1
58,0,2003,41,176,1,1
58,36,2003,41,170,7,1
58,19,2003,41,67,1,1
58,36,2003,41,121,1,1
58,0,2003,41,11,1,1
58,36,2003,38,170,5,1
58,36,2003,38,177,5,1
58,36,2003,38,104,7,1
58,36,2003,38,106,2,1
58,36,2003,38,163,2,1
58,36,2003,38,17,2,1
58,36,2003,38,121,1,1
58,31,2003,38,79,1,1
58,36,2003,38,67,1,1
8,1,2003,8,240,2,0
8,1,2003,8,83,1,0
8,1,2003,8,55,1,0
8,1,2003,8,230,1,0
58,2,2003,1,104,10,1
58,2,2003,1,170,7,1
58,29,2003,1,45,1,1
58,164,2003,1,117,1,1
58,2,2003,1,177,1,1
58,0,2003,1,48,1,1
58,2,2003,1,17,1,1
58,29,2003,1,122,1,1
58,10,2003,1,104,16,1
58,10,2003,1,170,2,1
58,10,2003,1,177,1,1
58,10,2003,1,17,1,1
58,6,2003,1,126,1,1
58,8,2003,1,163,1,1
58,21,2003,1,191,2,1
58,12,2003,1,104,15,1
58,4,2003,1,106,1,1
58,4,2003,1,121,1,1
58,12,2003,1,170,2,1
58,12,2003,1,163,1,1
58,6,2003,1,133,1,1
58,6,2003,1,176,1,1
58,4,2003,1,79,1,1
58,1,2003,1,104,14,1
58,1,2003,1,170,8,1
58,0,2003,1,215,1,1
58,11,2003,1,17,3,1
58,1,2003,1,133,1,1
58,15,2003,1,189,1,1
58,0,2003,1,170,3,1
58,0,2003,1,104,15,1
58,0,2003,1,180,3,1
58,1,2003,1,163,2,1
58,0,2003,1,17,2,1
58,11,2003,1,104,10,1
58,11,2003,1,170,2,1
58,12,2003,1,106,2,1
58,11,2003,1,17,2,1
58,0,2003,1,177,3,1
58,338,2002,1,104,5,1
58,338,2002,1,170,3,1
58,334,2003,12,170,10,1
58,334,2003,12,104,7,1
58,15,2003,12,163,2,1
58,0,2003,12,49,1,1
58,4,2003,12,17,1,1
58,31,2003,3,104,3,1
58,31,2003,3,17,1,1
58,31,2003,3,170,3,1
58,23,2003,3,177,1,1
27,0,2003,1,191,2,1
27,39,2003,1,17,1,1
58,40,2003,1,170,7,1
58,0,2003,1,40,1,1
58,40,2003,1,17,1,1
58,40,2003,1,104,9,1
58,40,2003,1,177,1,1
58,12,2003,1,163,1,1
58,359,2002,281,104,17,1
58,359,2002,281,170,9,1
58,285,2002,281,196,1,1
58,339,2002,281,106,3,1
58,347,2002,281,49,1,1
58,359,2002,281,17,1,1
58,351,2002,281,176,1,1
58,351,2002,281,79,1,1
58,4,2003,1,170,3,1
58,4,2003,1,104,12,1
58,72,2003,1,117,1,1
58,82,2003,1,177,1,1
58,4,2003,1,106,1,1
58,4,2003,1,17,3,1
58,72,2003,1,45,1,1
58,82,2003,1,163,1,1
58,25,2003,1,104,5,1
58,21,2003,1,196,1,1
58,25,2003,1,106,2,1
58,25,2003,1,17,1,1
58,25,2003,1,163,1,1
58,25,2003,1,170,1,1
58,25,2003,1,177,1,1
58,62,2003,1,170,6,1
58,62,2003,1,104,8,1
58,62,2003,1,17,1,1
58,62,2003,1,177,2,1
58,62,2003,1,163,1,1
58,62,2003,1,106,1,1
58,18,2003,1,67,1,1
58,1,2003,1,170,9,1
58,1,2003,1,104,11,1
58,84,2003,1,49,1,1
58,1,2003,1,17,1,1
58,360,2002,1,67,1,1
58,360,2002,1,104,10,1
58,360,2002,1,170,4,1
58,334,2002,1,126,1,1
58,345,2002,1,215,1,1
58,346,2002,1,121,1,1
58,360,2002,1,17,1,1
58,0,2002,1,206,1,1
58,359,2002,1,163,1,1
67,64,2003,109,91,2,1
58,362,2003,1,170,8,1
58,362,2003,1,67,1,1
58,362,2003,1,104,6,1
58,362,2003,1,17,1,1
58,3,2003,1,177,1,1
58,49,2003,33,67,3,1
58,49,2003,33,170,8,1
58,49,2003,33,104,10,1
58,49,2003,33,17,2,1
58,49,2003,33,177,1,1
58,300,2003,1,126,1,1
58,46,2003,1,104,9,1
58,46,2003,1,170,8,1
58,46,2003,1,17,3,1
58,17,2003,43,170,9,1
58,0,2003,43,116,1,1
58,17,2003,43,104,12,1
58,28,2003,43,180,1,1
58,17,2003,43,17,3,1
58,7,2003,1,104,11,1
58,21,2003,1,67,1,1
58,7,2003,1,17,1,1
58,367,2003,1,163,1,1
58,21,2003,1,177,3,1
58,7,2003,1,170,1,1
58,8,2003,1,106,1,1
8,53,2003,1,240,3,0
8,53,2003,1,230,1,0
58,56,2003,3,170,4,1
58,56,2003,3,67,2,1
58,56,2003,3,104,4,1
39,2724,2003,1,53,2,1
39,1284,2003,17,5,2,1
58,73,2003,1,170,6,1
58,73,2003,1,104,12,1
58,126,2003,1,17,1,1
58,46,2003,1,67,1,1
58,119,2003,1,104,12,1
58,119,2003,1,17,1,1
58,88,2003,1,117,1,1
58,119,2003,1,170,2,1
58,360,2003,1,215,1,1
58,7,2003,1,177,1,1
58,13,2003,1,104,15,1
58,13,2003,1,67,1,1
58,13,2003,1,170,3,1
58,19,2003,1,163,2,1
58,13,2003,1,17,2,1
58,13,2003,1,177,1,1
39,15,2003,1,53,4,1
39,0,2003,1,140,1,1
58,25,2003,1,104,12,1
58,25,2003,1,67,1,1
58,25,2003,1,17,1,1
58,25,2003,1,163,1,1
58,25,2003,1,170,4,1
39,224,2002,212,53,4,1
39,224,2002,212,140,1,1
58,23,2003,1,67,1,1
58,23,2003,1,170,3,1
58,23,2003,1,104,10,1
58,2,2003,1,177,3,1
58,23,2003,1,163,3,1
58,23,2003,1,17,1,1
58,25,2003,1,170,8,1
58,25,2003,1,67,1,1
58,25,2003,1,17,1,1
58,25,2003,1,163,1,1
58,25,2003,1,104,9,1
58,44,2003,32,104,13,1
58,44,2003,32,67,1,1
58,44,2003,32,17,2,1
58,44,2003,32,170,3,1
58,6,2003,15,104,10,1
58,6,2003,15,17,1,1
58,18,2003,15,163,2,1
58,6,2003,15,170,4,1
58,6,2003,15,67,1,1
58,12,2003,15,133,1,1
39,1734,2003,60,11,4,1
58,50,2003,55,67,3,1
58,50,2003,55,104,16,1
58,50,2003,55,170,5,1
58,50,2003,55,163,2,1
58,50,2003,55,17,1,1
58,46,2003,55,79,1,1
58,61,2003,44,67,1,1
58,45,2003,44,117,2,1
58,61,2003,44,104,3,1
58,61,2003,44,17,1,1
58,61,2003,44,170,1,1
58,34,2003,44,177,1,1
39,245,2003,137,198,4,1
58,49,2003,3,67,2,1
58,49,2003,3,170,2,1
58,61,2003,3,133,1,1
67,0,2003,75,67,2,1
67,189,2003,75,104,4,1
67,27,2003,75,170,5,1
67,393,2003,75,17,1,1
67,0,2003,75,133,1,1
58,69,2003,1,170,2,1
58,23,2003,1,177,2,1
39,137,2003,137,198,1,1
39,465,2003,137,57,7,1
39,0,2003,137,142,1,1
67,56,2003,54,17,4,1
67,56,2003,54,170,1,1
40,0,2003,1,177,1,1
67,242,2003,1,177,1,1
20,0,2003,4,210,1,1
20,0,2003,4,57,1,1
20,0,2003,4,92,3,1
20,0,2003,4,87,1,1
58,73,2003,1,67,2,1
58,73,2003,1,133,1,1
58,27,2003,1,17,1,1
58,56,2003,52,67,1,1
58,56,2003,52,17,1,1
67,7,2003,1,104,1,1
67,9,2003,1,17,1,1
67,9,2003,1,170,5,1
58,69,2003,63,163,3,1
58,75,2003,63,170,1,1
67,4,2003,1,104,7,0
67,802,2003,1,121,1,0
67,4,2003,1,17,3,0
67,4,2003,1,170,4,0
67,802,2003,1,163,1,0
67,28,2003,1,104,1,1
67,28,2003,1,170,2,1
67,1,2003,1,177,1,1
67,770,2003,1,163,1,1
67,55,2003,59,67,1,1
67,0,2003,59,126,1,1
67,34,2003,59,163,1,1
67,34,2003,59,104,1,1
67,34,2003,59,177,1,1
67,0,2003,59,106,1,1
67,114,2003,1,67,1,1
67,114,2003,1,163,1,1
67,114,2003,1,104,2,1
67,117,2003,1,17,1,1
67,89,2003,1,170,2,1
67,114,2003,1,177,2,1
67,125,2003,1,163,3,1
67,125,2003,1,177,1,1
67,104,2003,21,67,2,0
67,104,2003,21,17,1,0
67,59,2003,1,104,5,1
67,59,2003,1,17,2,1
67,59,2003,1,170,3,1
67,66,2003,1,163,1,1
20,27,2003,1,210,2,1
20,27,2003,1,92,2,1
67,5,2003,1,177,2,1
40,40,2003,1,104,5,1
40,40,2003,1,170,4,1
40,53,2003,1,177,1,1
39,231,2003,1,230,6,0
67,76,2003,1,177,4,1
67,5,2003,1,170,3,1
58,72,2003,1,1,1,1
58,47,2003,1,104,4,1
58,24,2003,1,17,1,1
39,29,2003,1,198,1,0
67,89,2003,1,67,2,1
67,35,2003,1,170,1,1
57,0,2003,59,213,5,1
57,2238,2003,59,104,2,1
57,0,2003,59,155,1,1
40,20,2003,81,104,16,1
40,0,2003,81,67,1,1
40,20,2003,81,170,2,1
40,0,2003,81,1,1,1
40,0,2003,81,106,2,1
40,0,2003,81,117,1,1
40,20,2003,81,17,2,1
40,0,2003,81,163,1,1
40,20,2003,81,177,1,1
39,3,2003,37,53,5,1
58,3,2003,1,104,10,0
58,3,2003,1,1,1,0
58,39,2003,1,170,2,0
67,283,2002,352,17,5,1
67,657,2002,352,1,1,1
67,313,2002,352,170,1,1
67,128,2003,121,17,5,1
67,128,2003,121,170,1,1
67,114,2003,121,106,1,1
67,59,2003,121,163,1,1
16,0,2003,1,196,1,0
16,0,2003,1,56,1,0
67,0,2003,58,104,2,1
67,62,2003,58,17,2,1
67,62,2003,58,170,4,1
40,15,2003,35,67,1,1
40,0,2003,35,122,2,1
40,15,2003,35,104,3,1
40,15,2003,35,17,2,1
40,15,2003,35,170,2,1
58,22,2003,1,67,1,1
58,46,2003,1,104,12,1
58,10,2003,1,170,2,1
58,1,2003,1,180,1,1
58,10,2003,1,163,2,1
58,46,2003,1,17,1,1
58,22,2003,1,177,1,1
67,14,2003,9,104,1,0
67,1540,2003,9,122,3,0
67,77,2003,9,177,1,0
58,45,2003,1,170,1,1
58,45,2003,1,104,2,1
58,45,2003,1,17,1,1
40,101,2003,47,67,2,1
40,101,2003,47,170,7,1
40,0,2003,47,215,1,1
40,81,2003,47,117,1,1
40,101,2003,47,104,7,1
40,81,2003,47,106,1,1
40,101,2003,47,17,2,1
40,81,2003,47,177,2,1
40,81,2003,47,163,1,1
67,78,2003,92,170,1,1
67,15,2003,92,177,1,1
16,0,2003,1,98,1,0
16,0,2003,1,196,1,0
39,305,2003,1,160,1,0
58,18,2003,1,104,2,0
58,61,2003,109,67,2,1
58,60,2003,109,117,1,1
58,0,2003,109,126,2,1
58,106,2003,109,104,39,1
58,106,2003,109,170,13,1
58,107,2003,109,1,1,1
58,67,2003,109,106,2,1
58,300,2003,109,121,1,1
58,61,2003,109,177,5,1
58,61,2003,109,163,2,1
58,60,2003,109,49,1,1
58,106,2003,109,17,3,1
58,0,2003,109,57,1,1
58,24,2003,109,176,1,1
58,77,2003,109,79,2,1
58,3,2003,1,67,2,1
58,3,2003,1,170,1,1
58,3,2003,1,17,1,1
16,0,2003,1,98,3,1
39,271,2003,37,160,2,0
39,271,2003,37,55,1,0
68,0,2003,1,17,2,1
68,0,2003,1,170,2,1
68,0,2003,1,212,1,1
39,346,2003,1,160,3,1
21,0,2003,1,196,4,0
21,761,2003,1,104,1,0
39,43,2003,48,160,1,1
21,0,2003,1,196,2,1
20,0,2003,3,233,2,0
39,78,2003,61,160,2,1
58,57,2003,1,177,5,1
14,0,2003,58,161,4,0
39,61,2003,77,160,2,1
39,273,2003,77,55,1,1
39,449,2003,77,104,1,1
58,84,2003,1,163,2,1
58,106,2003,1,133,1,1
58,6,2003,1,163,2,0
58,6,2003,1,133,1,0
58,87,2003,1,163,2,1
39,29,2003,6,160,6,1
39,29,2003,6,55,1,1
20,0,2003,1,233,6,0
50,0,2003,1,179,1,0
50,0,2003,1,232,1,0
50,1549,2003,1,104,1,0
50,0,2003,1,186,1,0
50,0,2003,1,91,1,0
50,0,2003,1,64,1,0
50,0,2003,1,51,1,0
20,1771,2003,1,91,2,1
20,769,2003,1,216,1,1
20,316,2003,1,9,1,1
50,0,2003,1,138,3,0
50,1560,2003,1,104,1,0
55,337,2003,149,104,1,1
55,2161,2003,149,180,2,1
45,0,2003,135,115,4,0
45,1244,2003,135,104,1,0
45,0,2003,135,236,1,0
45,0,2003,135,177,1,0
45,0,2003,135,138,1,0
67,0,2003,1,160,2,1
67,267,2003,1,240,3,1
67,268,2003,1,130,2,1
67,268,2003,1,230,3,1
55,149,2003,161,104,1,1
55,149,2003,161,180,1,1
8,248,2003,1,240,4,1
8,248,2003,1,130,2,1
8,248,2003,1,230,5,1
39,163,2003,318,112,3,1
8,0,2003,1,221,1,0
8,0,2003,1,240,4,0
8,248,2003,1,83,1,0
8,248,2003,1,104,2,0
8,0,2003,1,230,3,0
68,477,2003,1,104,3,0
68,477,2003,1,121,3,0
68,0,2003,1,177,1,0
68,116,2003,1,212,1,0
68,116,2003,1,170,1,0
39,999,2003,90,25,4,1
39,6,2003,90,104,1,1
8,0,2003,1,221,1,0
8,7,2003,1,240,4,0
8,7,2003,1,230,3,0
8,15,2003,1,240,2,0
8,15,2003,1,230,2,0
8,720,2003,1,133,1,0
39,23,2003,1,25,2,0
39,23,2003,1,104,1,0
68,0,2003,1,133,1,1
68,0,2003,1,225,1,1
68,478,2003,1,104,16,1
68,0,2003,1,46,1,1
68,478,2003,1,121,1,1
68,0,2003,1,177,5,1
68,0,2003,1,236,1,1
68,325,2003,1,196,1,1
68,0,2003,1,176,1,1
68,0,2003,1,37,1,1
68,0,2003,1,188,1,1
68,0,2003,1,226,1,1
68,117,2003,1,212,1,1
68,0,2003,1,122,1,1
68,117,2003,1,170,1,1
26,1745,2003,1,170,1,0
26,1745,2003,1,17,2,0
52,0,2003,1,104,14,0
52,0,2003,1,236,3,0
52,0,2003,1,121,5,0
52,0,2003,1,177,6,0
52,0,2003,1,133,1,0
52,0,2003,1,225,1,0
52,0,2003,1,168,2,0
52,0,2003,1,79,1,0
52,0,2003,1,196,1,0
52,0,2003,1,206,1,0
52,0,2003,1,73,1,0
52,0,2003,1,144,1,0
52,0,2003,1,37,1,0
52,0,2003,1,192,1,0
52,0,2003,1,190,1,0
52,0,2003,1,76,1,0
52,0,2003,1,212,1,0
52,0,2003,1,170,1,0
52,0,2003,1,167,1,0
52,0,2003,1,52,1,0
8,25,2003,1,230,1,0
26,0,2003,38,236,3,1
26,0,2003,38,12,1,1
26,1706,2003,38,104,19,1
26,0,2003,38,133,1,1
26,0,2003,38,177,6,1
26,0,2003,38,225,1,1
26,0,2003,38,46,1,1
26,0,2003,38,121,1,1
26,1706,2003,38,170,3,1
26,0,2003,38,181,1,1
26,0,2003,38,168,1,1
26,1706,2003,38,17,1,1
26,0,2003,38,196,2,1
26,0,2003,38,176,1,1
26,0,2003,38,37,1,1
26,0,2003,38,192,1,1
26,0,2003,38,190,1,1
26,0,2003,38,76,1,1
26,0,2003,38,212,1,1
26,0,2003,38,122,1,1
26,0,2003,38,52,1,1
39,33,2003,1,25,5,1
39,33,2003,1,104,1,1
58,185,2003,1,67,3,0
27,279,2003,1,104,21,1
27,0,2003,1,236,4,1
27,0,2003,1,121,4,1
27,279,2003,1,133,1,1
27,0,2003,1,237,1,1
27,0,2003,1,225,1,1
27,0,2003,1,196,3,1
27,0,2003,1,177,5,1
27,279,2003,1,170,3,1
27,0,2003,1,14,1,1
27,0,2003,1,168,1,1
27,318,2003,1,17,1,1
27,0,2003,1,206,1,1
27,0,2003,1,144,1,1
27,0,2003,1,176,1,1
27,0,2003,1,37,1,1
27,0,2003,1,192,1,1
27,0,2003,1,190,1,1
27,0,2003,1,212,1,1
27,0,2003,1,76,1,1
58,196,2003,1,170,2,0
58,191,2003,1,104,3,0
58,194,2003,1,170,7,0
58,194,2003,1,17,2,0
58,78,2003,116,67,1,1
58,75,2003,116,104,4,1
58,78,2003,116,17,2,1
58,78,2003,116,170,3,1
58,78,2003,116,163,1,1
8,0,2003,1,221,1,0
8,16,2003,1,240,4,0
8,1008,2003,1,177,1,0
8,264,2003,1,83,1,0
8,16,2003,1,130,2,0
8,264,2003,1,104,3,0
8,16,2003,1,230,5,0
8,264,2003,1,126,1,0
27,15,2003,1,104,20,1
27,0,2003,1,126,1,1
27,15,2003,1,133,1,1
27,15,2003,1,237,1,1
27,15,2003,1,225,1,1
27,0,2003,1,46,1,1
27,15,2003,1,121,4,1
27,15,2003,1,177,5,1
27,15,2003,1,236,1,1
27,0,2003,1,36,1,1
27,15,2003,1,170,2,1
27,15,2003,1,168,1,1
27,15,2003,1,17,1,1
27,15,2003,1,196,1,1
27,15,2003,1,206,1,1
27,0,2003,1,139,1,1
27,15,2003,1,144,1,1
27,0,2003,1,29,1,1
27,0,2003,1,98,1,1
27,15,2003,1,37,1,1
27,0,2003,1,188,1,1
27,0,2003,1,79,1,1
27,0,2003,1,55,1,1
27,15,2003,1,190,1,1
27,0,2003,1,202,1,1
27,15,2003,1,212,1,1
27,15,2003,1,76,1,1
27,0,2003,1,52,1,1
58,1,2003,6,104,2,0
58,1,2003,6,170,5,0
27,0,2003,1,17,1,1
27,264,2003,1,106,3,1
27,0,2003,1,144,1,1
27,303,2003,1,191,1,1
27,264,2003,1,122,1,1
68,36,2003,6,104,25,1
68,0,2003,6,126,1,1
68,36,2003,6,121,4,1
68,36,2003,6,133,1,1
68,0,2003,6,237,1,1
68,36,2003,6,225,1,1
68,36,2003,6,46,1,1
68,0,2003,6,106,2,1
68,36,2003,6,170,2,1
68,36,2003,6,177,4,1
68,0,2003,6,36,1,1
68,0,2003,6,143,1,1
68,0,2003,6,200,1,1
68,153,2003,6,17,2,1
68,36,2003,6,196,1,1
68,0,2003,6,206,1,1
68,0,2003,6,144,1,1
68,36,2003,6,176,1,1
68,36,2003,6,37,1,1
68,36,2003,6,188,1,1
68,0,2003,6,192,1,1
68,0,2003,6,79,1,1
68,0,2003,6,55,1,1
68,0,2003,6,76,1,1
68,36,2003,6,212,1,1
68,36,2003,6,122,1,1
68,0,2003,6,52,1,1
27,31,2004,1,104,3,1
27,0,2004,1,163,1,1
27,31,2004,1,122,1,1
27,31,2004,1,106,1,1
27,31,2004,1,144,1,1
27,334,2003,1,104,4,1
27,334,2003,1,163,1,1
27,0,2003,1,180,1,1
27,334,2003,1,106,3,1
27,303,2003,1,17,1,1
27,0,2003,1,120,1,1
27,303,2003,1,79,1,1
27,334,2003,1,122,1,1
27,332,2003,18,106,2,0
27,332,2003,18,104,1,0
27,0,2003,1,104,5,0
27,0,2003,1,106,2,0
27,0,2003,1,17,1,0
27,303,2003,1,121,2,0
27,0,2003,1,122,1,0
27,334,2003,1,144,1,0
68,3,2004,1,126,2,1
68,3,2004,1,121,4,1
68,3,2004,1,170,2,1
68,3,2004,1,133,1,1
68,3,2004,1,196,2,1
68,3,2004,1,225,1,1
68,3,2004,1,46,1,1
68,45,2004,1,236,1,1
68,0,2004,1,48,2,1
68,3,2004,1,104,6,1
68,3,2004,1,143,1,1
68,3,2004,1,200,1,1
68,0,2004,1,191,1,1
68,3,2004,1,237,1,1
68,3,2004,1,177,3,1
68,3,2004,1,106,1,1
68,3,2004,1,176,1,1
68,3,2004,1,17,1,1
68,3,2004,1,37,1,1
68,3,2004,1,188,1,1
68,3,2004,1,192,1,1
68,3,2004,1,55,3,1
68,0,2004,1,190,1,1
68,3,2004,1,76,1,1
68,0,2004,1,178,1,1
68,3,2004,1,212,1,1
68,0,2004,1,167,1,1
27,355,2004,1,104,19,1
27,355,2004,1,106,1,1
27,52,2004,1,191,1,1
27,355,2004,1,17,1,1
27,336,2004,10,79,6,0
27,23,2003,1,17,1,1
27,23,2003,1,106,6,1
27,0,2003,1,152,1,1
27,23,2003,1,104,3,1
27,345,2004,1,79,9,1
27,13,2004,1,106,1,1
27,13,2004,1,152,1,1
27,0,2004,1,63,1,1
27,345,2004,1,122,1,1
27,13,2004,1,79,7,1
27,26,2004,1,104,2,1
27,13,2004,1,106,1,1
58,22,2004,1,104,4,0
58,22,2004,1,17,1,0
58,22,2004,1,170,2,0
27,57,2004,1,170,4,1
27,28,2004,1,17,1,1
27,2,2004,1,104,1,1
27,36,2003,7,17,1,1
27,34,2003,7,106,5,1
27,36,2003,7,104,1,1
39,202,2003,59,5,2,1
39,190,2003,59,198,4,1
39,811,2003,59,138,1,1
27,3,2004,1,104,6,1
27,21,2004,1,191,1,1
27,11,2004,1,63,1,1
27,24,2004,1,79,1,1
27,3,2004,1,106,1,1
27,26,2004,1,104,5,1
27,0,2004,1,170,6,1
27,26,2004,1,144,1,1
58,10,2003,22,17,2,0
58,10,2003,22,170,4,0
58,10,2003,22,104,1,0
27,20,2004,5,104,2,1
27,9,2004,5,17,1,1
27,6,2004,5,106,5,1
27,6,2004,5,191,1,1
27,8,2004,8,170,11,1
27,7,2004,8,104,7,1
27,7,2004,8,17,1,1
27,21,2004,1,106,4,1
27,46,2003,53,170,5,1
27,20,2003,53,79,1,1
27,0,2003,53,45,2,1
27,31,2003,53,122,1,1
27,0,2003,53,67,1,1
27,46,2003,53,104,4,1
27,46,2003,53,17,1,1
27,46,2003,53,144,1,1
27,0,2003,53,13,1,1
27,10,2004,9,79,6,1
27,9,2004,9,106,2,1
27,10,2004,9,104,1,1
27,3,2004,1,17,1,0
27,3,2004,1,170,1,0
27,4,2004,1,104,2,0
27,4,2004,1,106,2,0
27,1,2004,1,104,2,1
27,1,2004,1,106,4,1
27,8,2004,1,106,3,1
27,8,2004,1,170,1,1
27,8,2004,1,104,1,1
27,30,2004,1,104,2,1
27,22,2004,1,17,4,1
27,30,2004,1,106,1,1
27,21,2004,1,79,1,1
10,0,2004,35,234,5,0
10,0,2004,35,104,1,0
27,32,2004,1,79,5,0
27,32,2004,1,104,1,0
27,35,2004,1,106,2,0
27,35,2004,1,104,1,0
27,28,2004,1,106,3,0
27,28,2004,1,104,1,0
27,26,2004,1,79,4,1
27,0,2004,1,215,1,1
27,4,2004,1,170,5,1
27,4,2004,1,45,2,1
27,26,2004,1,106,1,1
27,371,2004,1,163,1,1
27,26,2004,1,17,1,1
27,4,2004,1,122,2,1
27,4,2004,1,144,1,1
27,26,2004,1,104,2,1
27,0,2004,1,117,1,1
27,0,2004,1,47,1,1
39,8,2003,58,25,3,1
39,485,2003,58,110,3,1
39,33,2003,58,198,4,1
39,216,2003,58,57,3,1
39,2028,2003,58,64,2,1
39,0,2003,58,236,1,1
39,33,2003,58,5,2,1
39,0,2003,58,173,1,1
39,1059,2003,58,177,1,1
27,12,2004,1,106,3,0
27,15,2004,11,79,2,1
27,15,2004,11,170,4,1
27,15,2004,11,104,8,1
27,15,2004,11,17,1,1
27,15,2004,11,122,1,1
27,9,2004,1,106,3,0
27,13,2004,1,104,1,0
20,1288,2004,1,160,2,0
10,0,2004,1,234,2,0
55,0,2004,56,45,2,1
27,24,2004,1,79,1,0
27,28,2004,1,79,3,1
27,50,2004,1,191,1,1
27,92,2004,1,177,2,1
27,28,2004,1,13,2,1
27,92,2004,1,126,1,1
27,0,2004,1,194,1,1
27,28,2004,1,104,8,1
27,92,2004,1,121,1,1
27,395,2004,1,180,1,1
27,0,2004,1,66,1,1
27,28,2004,1,170,1,1
27,92,2004,1,55,2,1
27,24,2004,1,163,1,1
27,0,2004,1,189,2,1
27,24,2004,1,45,2,1
27,92,2004,1,29,1,1
27,28,2004,1,17,1,1
27,92,2004,1,168,1,1
27,24,2004,1,117,1,1
20,1295,2004,1,160,4,0
20,145,2004,1,216,1,0
55,56,2004,62,45,4,1
27,18,2004,23,79,4,0
20,1301,2004,1,160,4,0
20,151,2004,1,216,1,0
27,1,2004,11,79,4,0
68,76,2004,1,126,1,1
68,76,2004,1,104,5,1
68,76,2004,1,170,2,1
68,76,2004,1,133,1,1
68,76,2004,1,177,4,1
68,76,2004,1,225,1,1
68,76,2004,1,46,1,1
68,76,2004,1,121,1,1
68,0,2004,1,168,1,1
68,76,2004,1,17,2,1
68,76,2004,1,176,1,1
68,79,2004,1,122,1,1
68,76,2004,1,167,1,1
27,9,2004,26,106,1,0
39,38,2004,1,198,2,1
67,2541,2004,1,186,1,0
67,383,2004,1,179,1,0
67,256,2004,80,91,7,0
55,62,2004,81,45,7,1
27,11,2004,18,177,7,1
27,11,2004,18,104,1,1
67,311,2004,1,104,1,1
67,1129,2004,1,138,1,1
55,81,2004,60,45,13,1
67,1140,2004,1,9,1,1
67,1125,2004,1,57,2,1
67,1950,2004,1,236,1,1
67,1105,2004,1,115,1,1
67,1125,2004,1,87,1,1
10,0,2004,1,234,5,0
10,0,2004,1,104,1,0
63,2558,2004,1,233,2,1
58,6,2004,97,67,1,1
58,6,2004,97,104,2,1
58,6,2004,97,170,3,1
58,6,2004,97,163,1,1
58,10,2004,5,170,5,0
58,10,2004,5,104,2,0
58,15,2004,1,170,5,1
58,15,2004,1,104,1,1
58,0,2004,1,170,5,1
58,15,2004,1,67,1,1
58,0,2004,1,104,2,1
58,15,2004,1,163,1,1
58,15,2004,1,170,3,1
58,9,2004,24,170,5,1
58,24,2004,24,104,4,1
58,0,2004,1,170,4,1
58,0,2004,1,104,1,1
58,118,2004,1,17,2,1
20,213,2004,1,91,4,0
20,213,2004,1,9,1,0
55,31,2004,1,45,3,1
67,1897,2004,1,210,1,0
67,1897,2004,1,92,1,0
58,0,2004,1,104,3,1
58,0,2004,1,170,3,1
58,357,2004,1,180,1,1
8,437,2004,1,196,1,1
8,0,2004,1,92,3,1
8,437,2004,1,104,1,1
8,1181,2004,1,87,1,1
8,1181,2004,1,210,1,1
8,2,2004,1,196,1,1
8,2,2004,1,92,3,1
8,2,2004,1,104,2,1
8,191,2004,1,230,1,1
8,1183,2004,1,11,1,1
8,2,2004,1,87,1,1
8,2,2004,1,210,1,1
20,235,2004,1,91,3,1
8,5,2004,1,210,1,0
8,5,2004,1,92,1,0
39,651,2004,14,179,3,1
39,77,2004,14,25,3,1
24,0,2003,397,104,3,1
8,11,2004,1,210,1,0
8,11,2004,1,92,1,0
8,15,2004,1,210,1,0
8,15,2004,1,92,1,0
39,14,2004,92,64,6,1
39,596,2004,92,16,1,1
8,22,2004,1,210,1,1
8,22,2004,1,92,2,1
67,78,2004,1,87,5,0
8,108,2004,111,92,1,1
8,108,2004,111,210,1,1
8,86,2004,111,104,1,1
8,6,2004,22,92,1,1
8,6,2004,22,210,1,1
8,6,2004,22,104,1,1
27,121,2004,1,170,2,1
27,92,2004,1,104,22,1
27,0,2004,1,1,1,1
27,121,2004,1,45,1,1
27,145,2004,1,106,1,1
27,121,2004,1,79,1,1
45,0,2004,60,92,2,1
45,0,2004,60,210,1,1
27,15,2004,1,104,7,1
27,14,2004,1,104,9,1
27,29,2004,1,79,2,1
27,29,2004,1,106,1,1
8,25,2004,1,196,1,1
8,66,2004,1,92,3,1
8,66,2004,1,104,1,1
8,414,2004,1,121,1,1
8,871,2004,1,133,1,1
8,0,2004,1,16,1,1
8,25,2004,1,87,1,1
8,66,2004,1,210,1,1
48,0,2004,69,92,5,1
48,0,2004,69,16,1,1
27,11,2004,20,106,5,1
27,11,2004,20,104,1,1
27,6,2004,4,106,4,1
27,2,2004,1,104,2,1
27,0,2004,1,106,5,1
48,0,2004,48,177,1,1
48,0,2004,48,104,1,1
48,0,2004,48,138,1,1
27,14,2004,1,104,4,1
27,171,2004,1,17,1,1
27,50,2004,1,170,3,1
27,5,2004,1,104,2,1
27,0,2004,1,57,1,1
27,5,2004,1,170,3,1
27,176,2004,1,191,1,1
48,0,2004,90,92,6,0
48,48,2004,55,104,3,0
48,48,2004,55,138,1,0
39,144,2004,69,138,4,1
39,185,2004,69,104,1,1
39,0,2004,69,121,1,1
13,0,2004,41,196,12,0
13,0,2004,41,236,1,0
13,0,2004,41,73,1,0
13,0,2004,41,104,1,0
48,48,2004,68,138,2,0
48,48,2004,68,104,1,0
27,5,2004,1,106,3,1
48,0,2004,97,92,6,0
48,0,2004,97,210,1,0
27,37,2004,3,79,6,1
20,612,2004,1,104,2,1
20,2131,2004,1,166,3,1
48,48,2004,78,104,2,0
39,69,2004,97,138,8,1
48,48,2004,83,104,1,0
48,48,2004,83,138,1,0
48,0,2004,102,92,5,0
48,0,2004,102,210,1,0
48,83,2004,102,104,1,0
27,0,2004,12,79,6,0
27,14,2004,12,104,1,0
27,15,2004,10,79,8,1
27,29,2004,10,104,3,1
27,34,2004,10,17,1,1
27,5,2004,11,79,4,0
27,128,2004,1,168,1,1
27,87,2004,1,104,6,1
27,87,2004,1,79,3,1
27,128,2004,1,121,1,1
27,48,2004,1,170,1,1
27,24,2004,1,106,1,1
27,152,2004,1,215,1,1
27,128,2004,1,163,1,1
39,1108,2004,23,9,2,1
39,13,2004,1,9,1,0
20,131,2004,1,91,3,1
20,366,2004,1,9,1,1
20,366,2004,1,216,1,1
39,787,2004,68,186,3,0
57,0,2004,70,230,2,1
27,55,2004,116,106,6,1
27,55,2004,116,104,1,1
20,154,2005,1,104,1,1
20,0,2005,1,25,1,1
20,84,2005,1,9,1,1
67,548,2004,34,106,6,1
20,0,2004,40,31,2,1
20,75,2004,40,9,1,1
67,2119,2005,1,117,3,1
67,274,2005,5,104,5,1
67,856,2005,5,55,1,1
67,571,2005,5,177,1,1
67,274,2005,5,138,1,1
27,360,2004,370,104,1,1
27,360,2004,370,106,4,1
27,4,2005,9,106,3,1
57,74,2004,106,230,3,0
67,3,2005,1,106,4,0
67,7,2005,1,104,1,0
67,102,2004,107,117,8,0
67,99,2004,107,104,1,0
67,780,2004,107,196,1,0
67,99,2004,107,177,1,0
67,2,2005,12,104,3,0
67,574,2005,12,170,1,0
67,2,2005,12,177,1,0
67,2,2005,12,138,1,0
27,348,2004,339,106,6,1
27,343,2004,339,104,1,1
27,9,2005,4,104,1,1
27,9,2005,4,106,5,1
27,379,2004,387,106,3,0
67,102,2004,119,117,5,1
40,639,2005,4,177,1,0
40,639,2005,4,104,2,0
40,0,2005,4,138,1,0
67,0,2005,1,79,1,0
67,0,2005,1,107,4,0
27,381,2005,1,152,4,0
27,13,2005,1,106,3,0
55,0,2005,1,107,7,0
55,1013,2005,1,111,1,0
67,0,2005,1,152,2,0
55,0,2005,1,107,6,0
55,1021,2005,1,111,1,0
67,2170,2005,1,92,4,1
55,0,2005,1,107,6,0
55,1027,2005,1,111,1,0
16,0,2004,4,230,7,0
16,0,2005,1,83,1,0
16,0,2005,1,230,6,0
55,986,2005,54,111,1,1
55,0,2005,54,107,8,1
16,0,2005,1,230,5,0
16,0,2005,1,55,1,0
27,19,2005,22,106,5,0
27,19,2005,22,104,4,0
27,365,2005,22,122,1,0
16,0,2004,1,230,5,0
16,0,2004,1,55,1,0
27,13,2005,59,104,1,1
27,13,2005,59,106,5,1
27,355,2005,59,152,1,1
16,0,2005,1,230,4,0
67,722,2005,1,179,1,1
67,2880,2005,1,186,5,1
67,0,2005,1,3,8,0
67,0,2005,1,79,1,0
67,1456,2005,1,121,1,0
67,654,2005,1,163,1,0
67,68,2005,1,104,1,0
67,1341,2005,73,221,5,0
69,0,2005,1,221,4,1
69,0,2005,1,12,1,1
69,2132,2005,1,57,1,1
69,2132,2005,1,104,1,1
69,2147,2005,1,87,1,1
69,2147,2005,1,126,1,1
67,35,2005,6,92,2,0
67,65,2005,6,104,1,0
67,65,2005,6,55,1,0
69,3,2005,1,221,4,1
69,3,2005,1,104,2,1
67,7,2005,59,138,2,0
69,5,2005,1,221,5,0
69,8,2005,1,57,1,0
69,0,2005,1,121,1,0
69,5,2005,1,104,3,0
69,8,2005,1,126,1,0
27,59,2005,79,106,4,1
27,59,2005,79,152,4,1
39,124,2005,1,9,4,1
67,78,2005,1,104,5,1
67,0,2005,1,218,1,1
67,0,2005,1,144,1,1
39,20,2005,6,9,3,1
69,6,2005,1,221,2,1
69,6,2005,1,104,1,1
69,1,2005,1,221,3,0
69,1,2005,1,104,1,0
27,1,2005,1,106,3,0
69,3,2005,1,104,2,1
69,3,2005,1,221,3,1
69,3,2005,1,221,1,0
67,46,2005,1,92,2,0
67,76,2005,1,55,1,0
69,3,2005,1,221,6,1
69,0,2005,1,177,1,1
69,2147,2005,1,196,1,1
69,15,2005,1,126,2,1
69,15,2005,1,57,1,1
69,3,2005,1,104,3,1
69,0,2005,1,121,1,1
69,0,2005,1,9,1,1
69,1,2005,1,177,1,1
69,1,2005,1,221,5,1
69,1,2005,1,126,2,1
69,1,2005,1,57,1,1
69,1,2005,1,104,2,1
39,5,2005,1,9,3,1
69,1,2005,1,221,4,1
69,1,2005,1,104,5,1
69,2,2005,1,221,3,1
69,2,2005,1,104,1,1
27,17,2005,1,152,5,0
69,2,2005,1,104,3,1
69,2,2005,1,221,2,1
27,12,2005,6,106,3,0
69,1,2005,1,104,3,1
69,1,2005,1,221,2,1
69,4,2005,6,221,3,1
69,4,2005,6,104,2,1
39,10,2005,6,9,6,0
69,5,2005,1,221,3,1
69,5,2005,1,104,2,1
69,78,2005,79,221,4,1
69,64,2005,79,126,1,1
69,78,2005,79,104,2,1
50,0,2005,78,157,2,0
69,6,2005,1,104,2,1
69,6,2005,1,221,2,1
67,0,2005,77,152,5,0
67,28,2005,77,106,1,0
69,5,2005,1,221,2,1
67,2,2005,38,104,4,1
67,2756,2005,38,180,12,1
67,0,2005,38,47,1,1
69,7,2005,1,221,3,1
69,12,2005,1,104,1,1
67,38,2005,42,180,7,0
67,38,2005,42,104,1,0
67,537,2005,14,240,4,0
67,537,2005,14,130,2,0
67,537,2005,14,230,2,0
39,253,2005,6,104,1,0
39,31,2005,6,9,4,0
67,5,2005,1,180,9,0
8,547,2005,1,240,4,0
8,547,2005,1,130,2,0
8,356,2005,1,230,4,0
69,7,2005,1,104,2,1
69,7,2005,1,221,2,1
27,47,2005,14,104,3,1
27,27,2005,14,152,1,1
27,27,2005,14,106,2,1
27,283,2005,14,79,1,1
8,554,2005,1,240,3,0
8,363,2005,1,230,1,0
39,45,2005,6,9,6,1
69,46,2005,55,221,3,1
69,46,2005,55,104,3,1
50,0,2005,93,157,5,1
67,5,2005,1,180,8,0
67,5,2005,1,104,2,0
50,0,2005,85,45,7,1
50,0,2005,85,92,1,1
50,0,2005,85,57,1,1
50,0,2005,85,180,1,1
50,0,2005,85,149,1,1
69,57,2005,67,221,2,1
50,2,2005,1,45,3,0
27,5,2005,1,106,2,0
50,3,2005,1,45,4,0
50,8,2005,1,45,3,0
67,26,2005,1,180,7,0
67,26,2005,1,104,1,0
27,0,2005,1,106,3,0
50,15,2005,24,45,6,0
8,525,2005,52,240,3,0
8,334,2005,52,230,1,0
27,46,2005,1,106,1,0
69,11,2005,1,221,3,0
27,31,2005,16,106,5,0
50,9,2005,23,45,7,0
39,1400,2005,22,161,1,0
50,6,2005,26,45,7,1
27,0,2005,1,106,4,0
27,0,2005,1,104,4,0
27,0,2005,1,106,4,0
27,425,2005,1,117,1,0
27,453,2005,1,122,1,0
50,26,2005,30,45,5,1
50,2252,2005,1,221,2,0
50,30,2005,34,45,4,1
50,34,2005,35,45,4,1
50,35,2005,29,45,3,1
39,36,2005,6,9,6,0
69,95,2005,1,177,1,0
69,45,2005,1,104,1,0
69,35,2005,1,221,1,0
39,43,2005,6,9,7,1
50,29,2005,49,45,4,0
27,376,2005,1,45,7,1
27,282,2005,1,17,1,1
27,72,2005,1,104,2,1
50,29,2005,28,45,5,0
69,113,2005,1,177,1,0
69,63,2005,1,104,1,0
69,53,2005,1,221,2,0
39,422,2005,15,179,3,0
27,17,2005,1,45,7,0
27,17,2005,1,17,1,0
27,17,2005,1,104,2,0
67,743,2005,28,170,3,1
67,49,2005,28,104,5,1
27,96,2005,1,106,5,0
67,26,2005,1,170,1,1
27,11,2005,31,104,16,1
27,365,2005,31,1,1,1
27,358,2005,31,170,2,1
27,358,2005,31,215,2,1
27,61,2005,31,152,2,1
27,11,2005,31,45,1,1
27,61,2005,31,106,1,1
27,358,2005,31,168,1,1
27,310,2005,31,191,1,1
27,11,2005,31,17,1,1
27,547,2005,31,63,1,1
27,0,2005,31,56,1,1
27,510,2005,31,144,1,1
69,46,2005,1,221,3,0
69,56,2005,1,104,1,0
69,106,2005,1,177,1,0
50,30,2005,26,45,6,0
50,2270,2005,42,221,3,0
39,385,2005,79,179,2,1
39,0,2005,79,21,1,1
39,0,2005,79,78,4,1
39,1352,2005,79,31,1,1
39,2292,2005,79,115,1,1
39,624,2005,79,160,2,1
39,385,2005,79,25,1,1
39,476,2005,79,57,2,1
39,1352,2005,79,91,2,1
39,34,2005,79,9,1,1
39,768,2005,79,11,1,1
20,276,2005,1,9,1,0
20,276,2005,1,31,5,0
50,0,2005,100,173,4,1
50,14,2005,100,92,1,1
50,0,2005,1,25,4,0
50,0,2005,1,223,1,0
67,84,2005,32,180,7,0
67,2318,2005,32,122,1,0
27,30,2005,10,45,4,0
27,30,2005,10,17,1,0
27,7,2005,6,106,3,0
20,347,2005,1,216,6,1
20,298,2005,1,9,1,1
20,347,2005,1,91,3,1
27,31,2005,62,45,4,1
27,31,2005,62,17,1,1
39,79,2005,105,115,1,1
39,79,2005,105,25,1,1
39,79,2005,105,179,5,1
39,79,2005,105,31,3,1
39,569,2005,105,112,3,1
39,79,2005,105,57,3,1
39,79,2005,105,91,2,1
39,79,2005,105,9,2,1
39,79,2005,105,78,2,1
39,79,2005,105,11,1,1
39,79,2005,105,21,1,1
27,16,2005,9,17,1,0
27,16,2005,9,45,3,0
50,62,2005,28,45,4,1
27,19,2005,4,17,1,0
27,19,2005,4,45,3,0
27,73,2005,1,104,10,1
27,462,2005,1,121,2,1
27,985,2005,1,120,1,1
27,0,2005,1,200,1,1
20,282,2005,1,104,1,0
20,19,2005,1,9,4,0
27,165,2005,6,79,5,1
27,27,2005,21,45,5,1
27,21,2005,21,79,1,1
27,7,2005,3,79,5,1
20,274,2005,20,104,1,0
20,1654,2005,20,196,1,0
20,309,2005,20,31,6,0
20,11,2005,20,9,1,0
20,302,2005,1,104,1,0
20,39,2005,1,9,1,0
20,302,2005,1,25,4,0
69,47,2005,1,221,7,1
69,108,2005,1,196,1,1
69,107,2005,1,177,1,1
69,92,2005,1,126,2,1
69,57,2005,1,104,4,1
69,107,2005,1,57,1,1
69,2255,2005,1,230,1,1
69,108,2005,1,9,1,1
69,108,2005,1,121,1,1
27,0,2005,9,45,4,0
27,31,2005,120,106,3,1
27,104,2005,120,104,1,1
20,278,2005,20,25,2,0
20,278,2005,20,104,1,0
20,15,2005,20,9,1,0
27,3,2005,4,79,4,0
20,315,2005,1,25,5,1
27,76,2005,27,170,7,1
27,13,2005,27,104,5,1
27,3,2005,27,45,2,1
27,45,2005,27,17,1,1
20,889,2005,1,92,4,1
20,0,2005,1,16,1,1
27,1,2005,11,17,1,1
27,1,2005,11,170,2,1
27,1,2005,11,104,1,1
27,16,2005,2,106,3,0
20,11,2005,1,92,5,1
20,1709,2005,1,196,1,1
20,900,2005,1,210,1,1
20,324,2005,1,104,1,1
20,9,2005,1,25,4,1
27,6,2005,1,170,3,1
27,4,2005,1,45,2,1
27,6,2005,1,104,1,1
27,7,2005,2,45,4,0
20,70,2005,1,216,4,1
27,1,2005,1,17,1,0
27,7,2005,1,104,2,0
27,7,2005,1,170,2,0
20,9,2005,1,92,6,1
20,9,2005,1,196,1,1
20,9,2005,1,210,1,1
27,9,2005,12,170,6,1
27,3,2005,12,17,1,1
27,9,2005,12,104,3,1
27,27,2005,12,79,1,1
27,604,2005,12,177,1,1
27,10,2005,13,45,4,0
27,3,2005,1,170,2,0
27,3,2005,1,17,1,0
27,3,2005,1,104,2,0
27,3,2005,1,177,1,0
20,27,2005,1,104,1,1
20,386,2005,1,31,4,1
27,25,2005,4,45,5,0
27,1,2005,1,170,5,0
27,1,2005,1,17,1,0
27,1,2005,1,104,3,0
27,1,2005,1,177,1,0
27,20,2005,5,104,2,1
27,75,2005,5,120,8,1
27,0,2005,5,24,1,1
27,5,2006,1,120,6,1
27,3,2006,1,120,10,1
27,8,2006,1,104,3,1
27,88,2006,1,121,1,1
27,0,2005,17,170,6,1
27,0,2005,17,17,2,1
27,33,2005,17,104,1,1
27,1,2006,1,120,3,1
27,17,2006,1,104,1,1
27,53,2005,1,17,1,1
27,70,2005,1,120,10,1
27,70,2005,1,104,5,1
27,0,2005,1,72,1,1
27,69,2005,1,121,1,1
27,53,2005,1,170,1,1
27,45,2005,11,45,5,0
27,64,2006,7,120,6,1
27,64,2006,7,104,2,1
27,41,2005,46,120,6,1
27,41,2005,46,104,2,1
27,63,2006,8,17,1,0
27,63,2006,8,170,2,0
27,13,2006,8,104,1,0
27,10,2006,11,104,1,1
27,51,2006,11,45,3,1
67,1975,2005,26,11,5,0
27,30,2005,42,170,4,1
27,30,2005,42,17,1,1
27,47,2005,42,104,2,1
27,0,2006,1,53,4,1
27,77,2006,1,121,1,1
27,80,2006,1,106,1,1
27,0,2006,1,16,1,1
27,14,2006,1,120,4,1
27,1,2006,1,53,4,1
27,1,2006,1,121,1,1
27,5,2006,1,104,1,1
67,328,2006,30,92,5,1
27,108,2005,123,45,7,0
27,13,2006,6,53,7,1
27,12,2006,6,16,1,1
27,0,2006,1,179,1,1
27,0,2006,1,186,4,1
27,0,2006,1,209,1,1
27,9,2006,36,170,6,1
27,9,2006,36,17,1,1
27,14,2006,36,104,3,1
67,1975,2005,37,11,4,0
27,8,2006,16,45,3,0
27,12,2006,1,17,1,0
27,12,2006,1,170,1,0
27,12,2006,1,104,1,0
62,0,2005,321,196,4,1
62,0,2005,321,30,1,1
62,0,2005,321,85,1,1
62,0,2005,321,13,1,1
62,0,2005,321,57,1,1
27,19,2006,1,53,3,0
27,19,2006,1,16,2,0
27,0,2006,1,121,1,0
27,19,2006,5,45,3,0
27,15,2006,1,53,1,1
27,12,2006,1,186,1,1
27,15,2006,1,16,1,1
27,12,2006,1,104,5,1
27,720,2006,1,180,1,1
27,812,2006,1,196,1,1
27,50,2006,1,24,1,1
27,24,2006,22,180,7,1
27,10,2006,22,121,1,1
27,24,2006,22,104,2,1
27,29,2006,29,179,2,1
27,41,2006,29,186,8,1
27,1,2006,1,180,9,1
27,1,2006,1,104,1,1
39,0,2006,24,210,3,1
39,0,2006,24,92,3,1
39,524,2006,24,104,1,1
39,1588,2006,24,87,1,1
27,27,2006,7,45,4,0
27,2,2006,1,170,2,1
27,2,2006,1,17,1,1
27,7,2006,1,104,2,1
27,0,2006,1,179,3,1
27,2,2006,1,104,1,1
27,0,2006,1,186,3,1
27,92,2003,1,126,2,1
27,800,2003,1,104,5,1
27,737,2003,1,79,2,1
62,0,2006,1,201,1,1
62,0,2006,1,196,5,1
62,42,2006,1,30,1,1
62,42,2006,1,85,1,1
62,42,2006,1,57,1,1
27,9,2006,1,53,5,1
27,11,2006,1,121,1,1
67,307,2006,56,179,4,0
67,641,2006,56,87,5,0
67,1979,2006,56,11,1,0
39,24,2006,34,210,2,0
39,24,2006,34,92,4,0
39,24,2006,34,104,1,0
27,12,2006,1,17,1,1
27,12,2006,1,170,2,1
27,814,2006,1,104,1,1
27,5,2006,1,17,1,0
27,5,2006,1,170,2,0
27,5,2006,1,104,1,0
27,38,2006,38,186,6,1
27,38,2006,38,179,3,1
27,808,2006,1,126,5,0
27,29,2006,1,106,1,0
27,6,2006,1,104,2,0
27,13,2006,1,121,1,0
27,24,2006,18,45,6,0
27,11,2006,1,24,6,0
27,3,2006,10,104,1,0
27,33,2006,10,45,3,0
27,3,2006,8,24,7,0
27,1,2006,8,104,1,0
27,3,2006,8,16,1,0
50,0,2006,44,234,4,0
50,231,2006,44,180,2,0
62,0,2006,68,133,1,1
62,0,2006,68,202,1,1
62,0,2006,68,180,10,1
62,0,2006,68,93,1,1
62,0,2006,68,196,1,1
62,0,2006,68,85,1,1
62,0,2006,68,14,1,1
62,0,2006,68,101,1,1
62,0,2006,68,201,1,1
62,0,2006,68,104,1,1
62,0,2006,68,30,1,1
27,3,2006,27,16,4,1
27,5,2006,27,104,1,1
27,794,2006,27,176,1,1
27,11,2006,1,24,5,0
27,13,2006,1,104,1,0
67,307,2006,75,179,1,1
67,163,2006,75,104,2,1
67,641,2006,75,57,3,1
67,1979,2006,75,11,3,1
67,358,2006,75,177,2,1
67,30,2006,75,92,2,1
67,987,2006,75,91,1,1
67,641,2006,75,87,1,1
67,0,2006,75,16,1,1
39,24,2006,51,210,2,1
39,24,2006,51,92,3,1
72,0,2006,1,79,8,1
72,0,2006,1,104,4,1
72,0,2006,1,121,1,1
72,0,2006,1,122,1,1
27,231,2006,1,152,5,0
50,0,2005,1,223,3,1
27,21,2006,6,17,1,1
27,21,2006,6,170,2,1
27,1,2006,6,104,1,1
27,12,2006,38,121,1,1
27,27,2006,38,16,7,1
27,32,2006,38,104,1,1
27,27,2006,38,176,1,1
27,7,2006,9,121,1,1
27,7,2006,9,16,4,1
27,59,2006,6,45,3,0
27,10,2006,6,104,1,0
27,246,2006,1,152,4,0
27,0,2006,7,16,7,1
27,0,2006,7,26,1,1
27,19,2006,1,24,3,0
27,62,2006,1,45,4,0
27,0,2006,6,16,4,0
27,9,2006,6,104,1,0
27,9,2006,6,176,1,0
27,71,2006,10,45,3,0
27,11,2006,1,170,3,1
27,11,2006,1,17,1,1
27,5,2006,1,104,1,1
27,18,2006,1,17,1,0
27,18,2006,1,170,1,0
27,18,2006,1,104,1,0
27,7,2006,9,121,1,0
27,0,2006,9,16,4,0
27,4,2006,9,104,1,0
27,9,2006,9,176,1,0
27,15,2006,1,17,1,0
27,15,2006,1,170,1,0
27,15,2006,1,104,1,0
27,4,2006,30,16,4,0
27,0,2006,30,104,1,0
27,5,2006,30,176,1,0
27,26,2006,3,16,3,0
27,90,2006,9,45,2,0
39,2985,2006,78,221,8,1
39,2,2006,78,104,2,1
27,0,2006,1,183,3,1
39,78,2006,124,210,2,1
39,78,2006,124,92,2,1
39,127,2006,124,104,1,1
39,8,2006,1,221,4,1
39,11,2006,1,104,1,1
27,102,2006,13,45,6,1
27,36,2006,7,16,3,0
27,5,2006,6,45,4,0
27,13,2006,1,45,6,1
27,28,2006,1,17,1,1
27,0,2006,1,45,6,1
27,28,2006,1,104,1,1
39,7,2006,1,221,5,0
27,7,2006,17,45,8,0
27,5,2006,28,45,4,0
27,5,2006,28,104,1,0
27,23,2006,1,45,4,0
39,15,2006,1,221,6,0
27,25,2006,6,45,3,0
50,0,2006,1,22,2,1
39,21,2006,1,221,8,0
16,0,2006,1,230,4,1
27,27,2006,6,45,4,0
27,35,2006,6,104,2,0
27,63,2006,6,170,1,0
27,35,2006,6,17,2,0
27,23,2006,23,45,7,0
27,23,2006,23,17,1,0
27,23,2006,23,104,1,0
39,34,2006,1,221,5,1
39,14,2006,58,92,5,1
39,25,2006,58,104,2,1
39,59,2006,58,87,1,1
39,14,2006,58,210,1,1
27,33,2006,1,104,7,1
27,40,2006,8,45,4,0
27,55,2006,12,45,3,0
27,56,2006,18,45,3,0
63,0,2006,1,126,6,0
63,3380,2006,1,104,3,0
63,822,2006,1,233,2,0
63,0,2006,1,192,1,0
63,0,2006,1,216,1,0
27,957,2006,9,79,6,1
27,0,2006,10,79,7,1
27,88,2006,12,45,3,0
65,1210,2006,1,196,1,0
65,1210,2006,1,230,1,0
27,61,2006,1,170,4,1
27,0,2006,1,104,5,1
27,33,2006,1,17,1,1
27,90,2006,11,45,3,0
27,88,2006,14,45,3,0
27,30,2006,31,17,2,1
27,30,2006,31,170,1,1
27,30,2006,31,104,1,1
27,94,2006,14,45,4,0
27,33,2006,77,45,3,1
27,11,2006,5,45,3,0
50,9,2005,3,173,2,0
27,60,2006,6,45,7,0
27,92,2006,1,45,4,0
27,59,2006,1,53,2,1
27,27,2006,9,45,5,0
27,20,2006,27,79,5,1
27,31,2006,8,45,3,0
27,41,2006,1,45,2,0
27,32,2006,7,45,4,0
67,1670,2006,1,173,7,1
72,0,2006,1,177,5,0
72,0,2006,1,17,1,0
72,208,2006,1,104,1,0
27,178,2006,4,16,3,1
16,48,2006,69,230,4,1
27,46,2006,13,45,5,0
27,62,2006,13,104,1,0
62,37,2006,251,180,12,1
62,37,2006,251,104,1,1
50,0,2006,1,87,7,1
50,540,2006,1,223,1,1
20,378,2006,1,9,1,1
20,308,2006,1,216,4,1
27,7,2006,19,16,2,0
16,9,2006,1,230,2,1
27,80,2006,8,45,5,0
67,2741,2006,68,210,2,1
67,168,2006,68,92,2,1
67,168,2006,68,104,1,1
27,88,2006,15,45,2,0
20,0,2006,1,51,5,1
20,71,2006,1,9,1,1
3,3261,2006,1,87,8,1
3,2254,2006,1,104,3,1
3,6,2006,1,104,2,1
3,6,2006,1,87,4,1
27,84,2006,1,16,3,0
27,148,2006,1,104,1,0
27,275,2006,1,176,1,0
27,136,2006,6,45,4,0
27,131,2006,7,170,3,0
27,131,2006,7,17,1,0
27,131,2006,7,104,2,0
27,145,2007,1,45,3,0
20,0,2006,1,51,4,1
20,374,2006,1,196,1,1
20,361,2006,1,104,1,1
27,145,2007,2,45,4,0
27,142,2007,6,45,5,0
3,16,2007,1,87,17,1
3,2933,2007,1,57,1,1
3,16,2007,1,104,3,1
3,0,2007,1,177,2,1
27,138,2006,2,104,1,0
27,74,2006,2,16,4,0
27,263,2006,2,121,1,0
27,265,2006,2,176,1,0
27,97,2007,10,16,3,0
27,161,2007,10,104,1,0
27,288,2007,10,176,1,0
27,147,2007,8,45,3,0
67,290,2007,20,11,5,0
20,45,2007,1,104,2,0
20,45,2007,1,51,5,0
27,144,2007,11,45,3,0
3,18,2007,1,87,12,1
3,18,2007,1,177,1,1
3,18,2007,1,104,1,1
27,342,2007,1,179,1,0
27,342,2007,1,186,2,0
67,1151,2007,30,230,4,1
27,360,2007,1,179,1,1
27,311,2007,1,121,1,1
27,360,2007,1,186,2,1
27,120,2007,1,16,3,0
27,184,2007,1,104,1,0
27,311,2007,1,176,1,0
67,290,2007,30,91,5,0
50,0,2007,1,138,2,0
33,0,2006,89,77,5,1
33,0,2006,89,104,2,1
20,17,2007,1,51,6,0
20,17,2007,1,9,1,0
67,54,2007,40,92,2,1
67,54,2007,40,104,3,1
27,131,2007,1,16,3,0
27,195,2007,1,104,1,0
27,322,2007,1,176,1,0
27,134,2007,1,16,2,0
27,133,2007,1,16,3,0
27,197,2007,1,104,1,0
27,324,2007,1,176,1,0
27,558,2007,5,63,4,0
27,193,2007,5,104,2,0
27,144,2007,1,16,3,0
27,208,2007,1,104,1,0
27,335,2007,1,176,1,0
27,201,2007,8,17,1,0
27,201,2007,8,104,2,0
27,201,2007,8,170,3,0
27,575,2007,8,63,2,0
27,210,2007,8,104,1,0
27,154,2007,1,16,3,0
27,218,2007,1,104,1,0
27,345,2007,1,176,1,0
27,160,2007,1,16,3,0
27,224,2007,1,104,1,0
67,54,2007,69,210,7,0
67,1602,2007,69,196,1,0
67,40,2007,69,92,3,0
67,40,2007,69,104,1,0
67,1320,2007,69,133,1,0
27,574,2007,3,63,4,0
27,209,2007,3,104,1,0
27,1119,2007,3,122,1,0
27,224,2007,1,104,2,0
27,160,2007,1,16,3,0
27,351,2007,1,176,1,0
67,290,2007,69,91,3,1
27,230,2007,1,104,2,0
27,166,2007,1,16,3,0
27,357,2007,1,176,1,0
3,0,2007,14,42,8,1
27,230,2007,1,104,2,0
27,166,2007,1,16,3,0
27,357,2007,1,176,1,0
27,172,2007,1,16,4,0
27,236,2007,1,104,1,0
27,363,2007,1,176,1,0
27,228,2007,3,17,1,0
27,228,2007,3,170,2,0
27,228,2007,3,104,1,0
27,237,2007,3,104,2,0
27,173,2007,3,16,5,0
27,364,2007,3,176,1,0
27,181,2007,1,16,3,0
27,245,2007,1,104,1,0
27,372,2007,1,176,1,0
27,609,2007,1,152,5,0
67,389,2007,1,16,2,0
67,69,2007,97,91,4,0
3,19,2007,108,42,14,1
3,17,2007,108,104,1,1
3,3284,2007,108,223,6,1
3,17,2007,108,87,1,1
3,0,2007,108,3,1,1
27,137,2007,131,45,13,0
27,318,2007,131,180,1,0
27,1063,2007,131,122,1,0
27,264,2007,9,45,3,0
4,0,2007,17,121,5,1
27,281,2007,14,17,1,0
27,281,2007,14,170,2,0
27,281,2007,14,104,1,0
70,0,2007,1,104,5,0
27,273,2007,11,45,3,0
4,0,2007,1,104,1,0
4,0,2007,1,121,3,0
27,306,2007,1,17,1,0
27,306,2007,1,170,1,0
27,306,2007,1,104,1,0
27,277,2007,8,45,3,0
27,240,2007,8,16,3,0
27,304,2007,8,104,1,0
27,431,2007,8,176,1,0
27,246,2007,3,16,3,0
27,310,2007,3,104,1,0
27,437,2007,3,176,1,0
27,290,2007,9,45,4,0
27,259,2007,1,16,3,0
27,323,2007,1,104,1,0
27,450,2007,1,176,1,0
27,305,2007,1,45,4,0
27,468,2007,31,106,4,1
27,273,2007,31,104,2,1
27,310,2007,12,45,3,1
27,49,2007,1,104,2,0
27,289,2007,1,16,3,0
27,480,2007,1,176,1,0
50,3013,2007,1,221,5,1
50,0,2007,1,230,1,1
69,2975,2007,1,11,7,1
69,705,2007,1,104,1,1
50,17,2007,1,221,3,0
69,48,2007,1,104,2,0
69,48,2007,1,11,5,0
69,48,2007,1,104,2,1
69,48,2007,1,11,5,1
27,21,2007,12,45,4,0
27,35,2007,5,45,4,0
50,20,2007,1,230,2,0
27,40,2007,7,45,3,1
27,2,2007,1,106,5,0
67,212,2007,1,230,4,1
27,4,2007,12,45,3,0
39,1516,2007,39,53,10,1
8,2386,2007,1,177,1,1
8,1394,2007,1,130,2,1
8,1394,2007,1,240,1,1
8,1203,2007,1,230,5,1
8,1228,2007,1,104,2,1
8,8,2007,4,230,4,1
39,39,2007,45,53,6,1
39,406,2007,45,104,1,1
8,9,2007,1,240,1,1
8,13,2007,1,230,10,1
8,9,2007,1,104,5,1
8,1651,2007,1,83,1,1
8,1212,2007,1,11,1,1
8,1237,2007,1,196,1,1
8,9,2007,1,130,1,1
8,1237,2007,1,133,1,1
8,1651,2007,1,126,1,1
8,0,2007,1,172,1,1
8,1237,2007,1,121,1,1
3,147,2007,1,104,3,1
39,42,2007,46,53,12,1
39,1156,2007,46,16,1,1
39,42,2007,46,104,1,1
8,2,2007,1,230,7,1
8,2,2007,1,104,1,1
27,28,2007,10,45,3,0
8,10,2007,1,230,2,1
39,33,2007,1,53,10,1
39,33,2007,1,104,1,1
27,41,2007,5,45,3,0
27,40,2007,1,45,4,0
27,53,2007,1,45,4,0
27,54,2007,8,45,3,0
27,54,2007,1,45,3,0
3,0,2007,15,92,7,1
3,2575,2007,15,16,1,1
3,23,2007,15,104,1,1
27,63,2007,11,45,3,0
3,5,2007,1,92,5,1
3,5,2007,1,104,1,1
27,71,2007,6,45,3,0
3,7,2007,1,92,7,0
3,7,2007,1,104,2,0
67,2345,2007,1,221,3,1
67,234,2007,1,104,1,1
67,48,2007,1,221,4,1
67,48,2007,1,104,1,1
67,1638,2007,1,126,1,1
3,14,2007,1,92,6,1
67,10,2007,1,221,4,1
67,2443,2007,1,121,1,1
67,10,2007,1,126,1,1
67,1652,2007,1,133,1,1
8,67,2007,1,104,2,1
8,69,2007,1,11,9,1
27,480,2007,8,17,1,0
27,480,2007,8,170,2,0
27,176,2007,8,104,1,0
8,9,2007,1,11,8,1
8,9,2007,1,104,1,1
27,492,2007,1,17,1,0
27,492,2007,1,170,1,0
27,188,2007,1,104,1,0
27,102,2007,9,45,5,0
27,103,2007,7,45,3,0
27,0,2007,6,39,5,1
27,173,2007,6,104,1,1
27,1383,2007,1,13,9,1
27,18,2007,1,104,1,1
27,114,2007,1,45,4,0
3,28,2007,1,92,5,1
27,445,2007,2,16,3,0
27,115,2007,11,45,4,0
27,24,2007,7,13,9,1
27,291,2007,7,121,1,1
27,413,2007,7,16,1,1
27,189,2007,9,106,4,0
27,8,2007,9,104,1,0
27,26,2007,2,16,4,0
27,28,2007,5,16,5,0
27,33,2007,1,16,3,0
27,131,2007,5,45,4,0
27,135,2008,7,45,4,0
27,147,2008,1,45,3,0
27,139,2008,11,45,4,0
3,48,2007,65,92,3,1
27,145,2008,6,45,4,0
27,223,2008,8,106,5,0
27,156,2008,1,45,3,0
27,148,2008,11,45,6,0
27,161,2008,1,45,3,0
27,163,2008,1,45,3,0
27,154,2008,11,45,5,0
20,1779,2007,31,111,5,1
20,351,2007,31,104,5,1
27,155,2008,16,45,4,0
27,246,2008,11,106,4,0
20,0,2008,1,62,6,0
27,533,2008,32,17,1,0
27,32,2008,32,104,2,0
27,533,2008,32,170,1,0
8,25,2008,1,11,8,1
8,25,2008,1,104,2,1
27,247,2008,11,106,4,0
27,166,2008,7,45,4,0
27,569,2008,1,17,1,0
27,569,2008,1,170,2,0
27,68,2008,1,104,1,0
67,277,2007,59,91,5,1
67,636,2007,59,57,1,1
67,636,2007,59,11,2,1
67,0,2007,59,123,1,1
67,636,2007,59,16,1,1
67,1352,2007,59,236,1,1
67,104,2007,59,230,4,1
67,24,2007,59,104,2,1
67,0,2007,59,216,1,1
67,1018,2007,59,186,1,1
67,3898,2007,59,51,1,1
67,14,2007,59,221,1,1
67,1352,2007,59,9,1,1
67,400,2007,59,210,1,1
67,1069,2007,59,138,1,1
67,1352,2007,59,115,2,1
67,3694,2007,59,64,1,1
27,564,2008,9,17,1,0
27,564,2008,9,170,2,0
27,63,2008,9,104,1,0
27,258,2008,11,106,4,0
20,0,2008,1,62,6,0
20,2457,2008,1,148,1,0
27,85,2008,3,16,4,0
27,68,2008,3,104,1,0
27,71,2008,3,104,1,0
27,88,2008,3,16,2,0
27,699,2008,3,176,1,0
27,73,2008,7,104,1,0
27,90,2008,7,16,3,0
27,701,2008,7,176,1,0
20,0,2008,1,62,7,0
20,2465,2008,1,148,1,0
20,3249,2008,1,36,1,0
27,79,2008,1,104,1,0
27,96,2008,1,16,3,0
27,277,2008,10,106,4,0
27,209,2008,16,45,5,0
27,127,2008,1,13,5,1
27,110,2008,1,104,3,1
27,127,2008,1,16,1,1
27,4,2008,9,104,2,0
27,4,2008,9,16,5,0
27,734,2008,9,176,1,0
55,1129,2008,1,111,8,0
55,1606,2008,1,104,3,0
27,1,2008,9,104,2,0
27,1,2008,9,16,4,0
27,737,2008,9,176,1,0
27,10,2008,1,104,2,0
27,10,2008,1,16,4,0
27,748,2008,1,176,1,0
20,2788,2008,3,160,5,1
20,476,2008,3,9,1,1
3,0,2008,1,202,5,1
3,162,2008,1,104,2,1
39,0,2008,48,106,5,1
39,204,2008,48,104,1,1
20,18,2008,1,160,4,0
20,18,2008,1,9,1,0
27,237,2008,9,45,4,0
42,0,2008,40,170,4,1
42,3538,2008,40,67,1,1
42,3538,2008,40,17,1,1
42,3538,2008,40,104,2,1
42,16,2008,1,170,4,1
42,16,2008,1,67,1,1
42,0,2008,1,1,1,1
42,16,2008,1,104,2,1
42,0,2008,1,163,1,1
20,0,2008,1,98,1,1
20,1827,2008,1,57,1,1
20,0,2008,1,115,4,1
42,16,2008,1,170,5,1
42,16,2008,1,104,2,1
27,93,2008,1,104,1,0
27,0,2008,1,234,3,0
50,0,2008,6,179,2,1
50,1040,2008,6,149,2,1
50,0,2008,6,9,1,1
50,1040,2008,6,57,2,1
50,0,2008,6,186,1,1
50,0,2008,6,25,1,1
50,0,2008,6,51,1,1
50,1048,2008,6,157,1,1
50,0,2008,6,91,1,1
50,0,2008,6,112,1,1
50,0,2008,6,138,1,1
27,260,2008,27,45,6,0
67,131,2008,1,9,3,0
69,323,2008,8,11,3,0
69,3346,2008,8,191,4,0
69,1076,2008,8,126,1,0
20,574,2008,61,216,4,1
20,24,2008,61,9,1,1
27,318,2008,27,45,3,0
39,372,2008,12,53,5,1
39,120,2008,12,104,1,1
67,1938,2008,1,17,1,0
67,220,2008,1,104,1,0
67,1127,2008,1,170,2,0
67,2929,2008,1,157,1,0
67,1939,2008,1,163,1,0
67,1943,2008,1,17,1,0
67,225,2008,1,104,1,0
39,955,2008,143,21,2,1
39,955,2008,143,31,2,1
39,123,2008,143,104,2,1
20,207,2008,48,104,1,1
20,950,2008,48,31,5,1
20,25,2008,48,9,1,1
67,232,2008,1,104,2,0
67,1139,2008,1,170,1,0
39,12,2008,1,53,10,1
39,32,2008,1,104,1,1
67,230,2008,8,104,4,0
67,230,2008,8,57,4,0
67,2054,2008,8,83,1,0
67,0,2008,8,5,2,0
67,246,2008,1,104,5,1
67,246,2008,1,57,3,1
67,0,2008,1,5,1,1
20,99,2008,1,98,1,1
20,99,2008,1,115,6,1
20,21,2008,1,9,1,1
20,0,2008,1,240,1,1
20,0,2008,1,230,1,1
20,1107,2008,1,91,6,1
20,658,2008,1,196,1,1
20,42,2008,1,9,1,1
39,2843,2008,122,209,9,1
39,0,2008,122,165,1,1
39,1666,2008,122,198,1,1
39,19,2008,122,104,2,1
39,1047,2008,122,57,1,1
27,444,2008,22,45,5,0
27,1215,2008,2,152,4,0
27,249,2008,7,104,2,0
27,249,2008,7,16,4,0
27,987,2008,7,176,1,0
8,462,2008,1,130,2,1
8,462,2008,1,240,1,1
8,450,2008,1,230,4,1
39,19,2008,6,209,6,1
39,19,2008,6,57,1,1
39,19,2008,6,165,1,1
8,25,2008,1,230,9,1
8,25,2008,1,130,2,1
8,25,2008,1,240,1,1
8,335,2008,1,104,2,1
8,0,2008,1,110,1,1
8,2833,2008,1,57,1,1
20,0,2008,1,233,4,1
20,70,2008,1,9,1,1
50,167,2008,61,179,1,1
50,0,2008,61,232,1,1
50,167,2008,61,186,1,1
50,167,2008,61,57,2,1
50,167,2008,61,157,1,1
50,3447,2008,61,104,1,1
50,0,2008,61,115,1,1
50,0,2008,61,216,1,1
50,167,2008,61,51,1,1
50,167,2008,61,138,1,1
27,575,2008,6,106,6,0
27,888,2009,1,17,1,0
27,888,2009,1,170,1,0
27,277,2009,1,104,1,0
27,607,2009,3,106,4,0
20,41,2008,86,9,1,1
20,50,2008,86,31,3,1
27,181,2008,101,104,2,0
27,181,2008,101,16,3,0
27,919,2008,101,176,1,0
27,888,2009,12,17,1,0
27,277,2009,12,104,1,0
27,888,2009,12,170,3,0
27,478,2008,22,45,5,0
27,903,2009,1,17,1,0
27,903,2009,1,170,1,0
27,292,2009,1,104,1,0
27,295,2009,1,16,3,0
27,295,2009,1,104,1,0
27,893,2009,1,17,1,0
27,893,2009,1,170,5,0
27,282,2009,1,104,2,0
39,147,2008,1,209,1,1
27,906,2009,1,17,1,0
27,295,2009,1,104,2,0
27,906,2009,1,170,1,0
8,53,2009,1,104,1,0
8,4664,2009,1,117,9,0
27,305,2009,1,104,1,0
27,305,2009,1,16,4,0
27,309,2009,1,16,4,0
27,309,2009,1,104,1,0
27,607,2009,3,106,4,0
8,77,2009,1,230,9,1
8,515,2009,1,83,1,1
8,77,2009,1,130,2,1
8,77,2009,1,240,1,1
8,77,2009,1,104,2,1
8,77,2009,1,110,1,1
8,77,2009,1,57,1,1
27,615,2009,8,106,4,0
67,1059,2009,1,179,1,0
67,364,2009,1,186,4,0
39,0,2008,201,209,8,1
39,122,2008,201,104,2,1
39,1440,2008,201,121,1,1
39,0,2008,201,189,1,1
27,631,2009,1,106,3,0
27,635,2009,1,106,3,0
50,935,2008,329,92,4,1
50,0,2008,329,11,1,1
50,253,2008,329,104,1,1
27,328,2009,4,104,1,0
27,328,2009,4,16,4,0
67,1021,2009,52,179,2,0
67,326,2009,52,186,5,0
27,334,2009,1,16,4,0
27,334,2009,1,104,1,0
27,337,2009,3,104,1,0
27,337,2009,3,16,3,0
39,48,2009,72,209,5,1
39,48,2009,72,121,1,1
39,48,2009,72,104,1,1
39,48,2009,72,189,1,1
27,345,2009,1,104,1,0
27,345,2009,1,16,4,0
67,1021,2009,73,179,1,0
67,80,2009,73,104,2,0
67,826,2009,73,173,1,0
67,326,2009,73,186,5,0
67,80,2009,73,57,2,0
67,1021,2009,73,177,1,0
67,326,2009,73,91,1,0
67,1021,2009,73,87,1,0
27,355,2009,1,104,1,0
27,355,2009,1,16,4,0
8,0,2009,1,104,2,0
8,4688,2009,1,117,3,0
27,650,2009,7,106,4,0
27,358,2009,3,16,4,0
27,1096,2009,3,176,1,0
27,369,2009,8,104,1,0
27,369,2009,8,16,4,0
27,368,2009,12,104,1,0
27,368,2009,12,16,5,0
27,1106,2009,12,176,1,0
27,380,2009,1,104,1,0
27,380,2009,1,16,4,0
27,1118,2009,1,176,1,0
67,323,2008,97,138,4,0
67,77,2008,97,104,2,0
52,0,2009,36,104,6,1
52,0,2009,36,29,6,1
67,194,2009,1,104,3,0
67,2447,2009,1,196,1,0
67,0,2009,1,79,1,0
52,3,2009,1,29,5,0
52,0,2009,1,104,6,0
52,0,2009,1,104,5,1
52,0,2009,1,236,1,1
52,0,2009,1,177,1,1
52,4,2009,1,29,1,1
52,1,2009,1,104,6,0
52,0,2009,1,82,1,0
52,0,2009,1,188,1,0
52,0,2009,1,121,1,0
52,1,2009,1,236,1,0
52,1,2009,1,177,1,0
52,1,2009,1,29,1,0
52,2,2009,1,104,6,0
52,0,2009,1,126,1,0
52,0,2009,1,188,1,0
52,0,2009,1,82,1,0
52,0,2009,1,121,1,0
52,2,2009,1,236,1,0
52,2,2009,1,177,1,0
52,2,2009,1,29,1,0
52,0,2009,1,167,1,0
20,159,2009,63,240,3,1
20,117,2009,63,196,1,1
20,2,2009,63,9,2,1
20,159,2009,63,230,2,1
52,3,2009,1,104,5,0
52,0,2009,1,126,1,0
52,0,2009,1,188,1,0
52,0,2009,1,82,1,0
52,0,2009,1,191,1,0
52,0,2009,1,121,1,0
52,3,2009,1,236,1,0
52,3,2009,1,177,1,0
52,3,2009,1,29,1,0
52,0,2009,1,133,1,0
52,0,2009,1,167,1,0
52,4,2009,1,104,5,0
52,0,2009,1,126,1,0
52,0,2009,1,188,1,0
52,0,2009,1,82,1,0
52,0,2009,1,191,1,0
52,0,2009,1,121,1,0
52,4,2009,1,236,1,0
52,4,2009,1,177,1,0
52,4,2009,1,29,1,0
52,0,2009,1,133,1,0
52,0,2009,1,167,1,0
52,4,2009,1,104,5,0
52,0,2009,1,126,1,0
52,0,2009,1,188,1,0
52,0,2009,1,192,1,0
52,0,2009,1,82,1,0
52,0,2009,1,191,1,0
52,0,2009,1,17,1,0
52,0,2009,1,121,1,0
52,4,2009,1,236,1,0
52,4,2009,1,177,1,0
52,4,2009,1,29,1,0
52,0,2009,1,133,1,0
52,0,2009,1,167,1,0
52,4,2009,1,104,6,0
52,0,2009,1,126,1,0
52,0,2009,1,188,1,0
52,0,2009,1,192,1,0
52,0,2009,1,82,1,0
52,0,2009,1,191,1,0
52,0,2009,1,17,1,0
52,0,2009,1,121,1,0
52,0,2009,1,196,1,0
52,4,2009,1,236,1,0
52,4,2009,1,177,1,0
52,4,2009,1,29,1,0
52,0,2009,1,133,1,0
52,0,2009,1,167,1,0
52,0,2009,1,144,1,0
52,5,2009,1,104,6,0
52,0,2009,1,126,1,0
52,0,2009,1,82,1,0
52,0,2009,1,133,1,0
52,0,2009,1,121,1,0
52,5,2009,1,236,1,0
52,5,2009,1,177,1,0
52,0,2009,1,54,1,0
52,0,2009,1,191,1,0
52,0,2009,1,17,1,0
52,0,2009,1,196,1,0
52,0,2009,1,144,1,0
52,0,2009,1,188,1,0
52,0,2009,1,192,1,0
52,5,2009,1,29,1,0
52,0,2009,1,167,1,0
52,6,2009,1,104,5,0
52,0,2009,1,126,1,0
52,0,2009,1,82,1,0
52,0,2009,1,133,1,0
52,0,2009,1,121,1,0
52,6,2009,1,236,1,0
52,6,2009,1,177,2,0
52,0,2009,1,54,1,0
52,0,2009,1,191,1,0
52,0,2009,1,17,1,0
52,0,2009,1,196,1,0
52,0,2009,1,144,1,0
52,0,2009,1,188,1,0
52,0,2009,1,192,1,0
52,6,2009,1,29,1,0
52,0,2009,1,167,1,0
52,6,2009,1,104,5,0
52,0,2009,1,126,1,0
52,0,2009,1,82,1,0
52,0,2009,1,133,1,0
52,0,2009,1,121,1,0
52,6,2009,1,236,1,0
52,6,2009,1,177,2,0
52,0,2009,1,54,1,0
52,0,2009,1,191,1,0
52,0,2009,1,17,1,0
52,0,2009,1,196,1,0
52,0,2009,1,144,1,0
52,0,2009,1,176,1,0
52,0,2009,1,188,1,0
52,0,2009,1,192,1,0
52,6,2009,1,29,1,0
52,0,2009,1,167,1,0
52,7,2009,1,104,5,0
52,0,2009,1,126,1,0
52,0,2009,1,82,1,0
52,0,2009,1,116,1,0
52,0,2009,1,133,1,0
52,0,2009,1,121,1,0
52,7,2009,1,236,1,0
52,7,2009,1,177,1,0
52,0,2009,1,38,1,0
52,0,2009,1,54,1,0
52,0,2009,1,191,1,0
52,0,2009,1,17,1,0
52,0,2009,1,196,1,0
52,0,2009,1,144,1,0
52,0,2009,1,176,1,0
52,0,2009,1,188,1,0
52,0,2009,1,192,1,0
52,7,2009,1,29,1,0
52,0,2009,1,167,1,0
52,7,2009,1,104,5,0
52,0,2009,1,126,1,0
52,0,2009,1,82,1,0
52,0,2009,1,116,1,0
52,0,2009,1,133,1,0
52,0,2009,1,121,1,0
52,7,2009,1,236,1,0
52,7,2009,1,177,1,0
52,0,2009,1,38,1,0
52,0,2009,1,54,1,0
52,0,2009,1,191,1,0
52,0,2009,1,17,1,0
52,0,2009,1,196,1,0
52,0,2009,1,144,1,0
52,0,2009,1,176,1,0
52,0,2009,1,188,1,0
52,0,2009,1,192,1,0
52,0,2009,1,76,1,0
52,7,2009,1,29,1,0
52,0,2009,1,167,1,0
52,8,2009,1,104,5,0
52,0,2009,1,126,1,0
52,0,2009,1,82,1,0
52,0,2009,1,116,1,0
52,0,2009,1,133,1,0
52,0,2009,1,121,1,0
52,8,2009,1,236,1,0
52,8,2009,1,177,1,0
52,0,2009,1,38,1,0
52,0,2009,1,54,1,0
52,0,2009,1,191,1,0
52,0,2009,1,17,1,0
52,0,2009,1,196,1,0
52,0,2009,1,144,1,0
52,0,2009,1,176,1,0
52,0,2009,1,188,1,0
52,0,2009,1,192,1,0
52,0,2009,1,76,1,0
52,8,2009,1,29,1,0
52,0,2009,1,167,1,0
52,8,2009,1,104,5,0
52,0,2009,1,126,1,0
52,0,2009,1,82,1,0
52,0,2009,1,116,1,0
52,0,2009,1,133,1,0
52,0,2009,1,121,1,0
52,8,2009,1,236,1,0
52,8,2009,1,177,1,0
52,0,2009,1,38,1,0
52,0,2009,1,54,1,0
52,0,2009,1,191,1,0
52,0,2009,1,17,1,0
52,0,2009,1,196,1,0
52,0,2009,1,144,1,0
52,0,2009,1,176,1,0
52,0,2009,1,188,1,0
52,0,2009,1,192,1,0
52,0,2009,1,76,1,0
52,8,2009,1,29,1,0
52,0,2009,1,167,1,0
52,9,2009,1,104,5,0
52,0,2009,1,126,1,0
52,0,2009,1,82,1,0
52,0,2009,1,116,1,0
52,0,2009,1,133,1,0
52,0,2009,1,121,1,0
52,9,2009,1,236,1,0
52,9,2009,1,177,1,0
52,0,2009,1,38,1,0
52,0,2009,1,54,1,0
52,0,2009,1,191,1,0
52,0,2009,1,17,1,0
52,0,2009,1,196,1,0
52,0,2009,1,44,1,0
52,0,2009,1,144,1,0
52,0,2009,1,176,1,0
52,0,2009,1,188,1,0
52,0,2009,1,192,1,0
52,0,2009,1,76,1,0
52,9,2009,1,29,1,0
52,0,2009,1,167,1,0
20,327,2009,46,160,6,1
20,32,2009,46,196,1,1
20,32,2009,46,9,1,1
27,383,2009,1,104,1,0
27,383,2009,1,16,4,0
27,1121,2009,1,176,1,0
27,685,2009,6,106,4,0
52,9,2009,1,104,4,1
52,0,2009,1,126,1,1
52,0,2009,1,82,1,1
52,0,2009,1,116,1,1
52,0,2009,1,133,1,1
52,0,2009,1,121,1,1
52,9,2009,1,236,1,1
52,9,2009,1,177,1,1
52,0,2009,1,48,1,1
52,0,2009,1,38,1,1
52,0,2009,1,54,1,1
52,0,2009,1,191,1,1
52,0,2009,1,17,1,1
52,0,2009,1,196,1,1
52,0,2009,1,44,1,1
52,0,2009,1,144,1,1
52,0,2009,1,176,1,1
52,0,2009,1,188,1,1
52,0,2009,1,192,1,1
52,0,2009,1,76,1,1
52,9,2009,1,29,1,1
52,0,2009,1,167,1,1
52,1,2009,1,104,4,1
52,1,2009,1,126,1,1
52,1,2009,1,82,1,1
52,1,2009,1,116,1,1
52,1,2009,1,133,1,1
52,1,2009,1,121,1,1
52,1,2009,1,236,1,1
52,1,2009,1,177,1,1
52,1,2009,1,48,1,1
52,1,2009,1,38,1,1
52,1,2009,1,54,1,1
52,1,2009,1,191,1,1
52,1,2009,1,17,1,1
52,1,2009,1,196,1,1
52,1,2009,1,44,1,1
52,1,2009,1,144,1,1
52,1,2009,1,176,1,1
52,1,2009,1,188,1,1
52,1,2009,1,192,1,1
52,1,2009,1,76,1,1
52,1,2009,1,29,1,1
52,1,2009,1,167,1,1
52,0,2009,1,104,4,1
52,0,2009,1,126,1,1
52,0,2009,1,82,1,1
52,0,2009,1,116,1,1
52,0,2009,1,133,1,1
52,0,2009,1,121,1,1
52,0,2009,1,236,1,1
52,0,2009,1,177,1,1
52,0,2009,1,48,1,1
52,0,2009,1,38,1,1
52,0,2009,1,54,1,1
52,0,2009,1,191,1,1
52,0,2009,1,17,1,1
52,0,2009,1,196,1,1
52,0,2009,1,44,1,1
52,0,2009,1,206,1,1
52,0,2009,1,144,1,1
52,0,2009,1,176,1,1
52,0,2009,1,188,1,1
52,0,2009,1,192,1,1
52,0,2009,1,76,1,1
52,0,2009,1,29,1,1
52,0,2009,1,167,1,1
52,1,2009,1,104,4,1
52,1,2009,1,126,1,1
52,1,2009,1,82,1,1
52,1,2009,1,116,1,1
52,1,2009,1,133,1,1
52,1,2009,1,121,1,1
52,1,2009,1,236,1,1
52,1,2009,1,177,1,1
52,1,2009,1,48,1,1
52,1,2009,1,38,1,1
52,1,2009,1,54,1,1
52,1,2009,1,191,1,1
52,1,2009,1,17,1,1
52,1,2009,1,196,1,1
52,1,2009,1,44,1,1
52,1,2009,1,206,1,1
52,1,2009,1,144,1,1
52,1,2009,1,176,1,1
52,1,2009,1,188,1,1
52,1,2009,1,192,1,1
52,1,2009,1,76,1,1
52,1,2009,1,29,1,1
52,1,2009,1,167,1,1
52,0,2009,1,104,4,1
52,0,2009,1,126,1,1
52,0,2009,1,82,1,1
52,0,2009,1,116,1,1
52,0,2009,1,133,1,1
52,0,2009,1,121,1,1
52,0,2009,1,236,1,1
52,0,2009,1,177,1,1
52,0,2009,1,48,1,1
52,0,2009,1,38,1,1
52,0,2009,1,111,1,1
52,0,2009,1,54,1,1
52,0,2009,1,191,1,1
52,0,2009,1,17,1,1
52,0,2009,1,196,1,1
52,0,2009,1,44,1,1
52,0,2009,1,206,1,1
52,0,2009,1,144,1,1
52,0,2009,1,176,1,1
52,0,2009,1,188,1,1
52,0,2009,1,192,1,1
52,0,2009,1,76,1,1
52,0,2009,1,29,1,1
52,0,2009,1,167,1,1
52,1,2009,1,104,4,1
52,1,2009,1,126,1,1
52,1,2009,1,82,1,1
52,1,2009,1,116,1,1
52,1,2009,1,133,1,1
52,1,2009,1,121,1,1
52,1,2009,1,236,1,1
52,1,2009,1,177,1,1
52,1,2009,1,48,1,1
52,0,2009,1,36,1,1
52,1,2009,1,38,1,1
52,1,2009,1,111,1,1
52,1,2009,1,54,1,1
52,1,2009,1,191,1,1
52,1,2009,1,17,1,1
52,1,2009,1,196,1,1
52,1,2009,1,44,1,1
52,1,2009,1,206,1,1
52,1,2009,1,144,1,1
52,1,2009,1,176,1,1
52,1,2009,1,188,1,1
52,1,2009,1,192,1,1
52,1,2009,1,76,1,1
52,1,2009,1,29,1,1
52,0,2009,1,212,1,1
52,0,2009,1,122,1,1
52,0,2009,1,189,1,1
52,1,2009,1,167,1,1
52,1,2009,1,104,4,1
52,1,2009,1,126,1,1
52,1,2009,1,82,1,1
52,1,2009,1,116,1,1
52,1,2009,1,133,1,1
52,1,2009,1,121,1,1
52,1,2009,1,236,1,1
52,1,2009,1,177,1,1
52,1,2009,1,48,1,1
52,1,2009,1,36,1,1
52,1,2009,1,38,1,1
52,1,2009,1,111,1,1
52,1,2009,1,54,1,1
52,1,2009,1,191,1,1
52,1,2009,1,17,1,1
52,1,2009,1,196,1,1
52,1,2009,1,44,1,1
52,1,2009,1,206,1,1
52,1,2009,1,144,1,1
52,1,2009,1,176,1,1
52,1,2009,1,188,1,1
52,1,2009,1,192,1,1
52,1,2009,1,76,1,1
52,1,2009,1,29,1,1
52,1,2009,1,212,1,1
52,1,2009,1,122,1,1
52,1,2009,1,189,1,1
52,1,2009,1,167,1,1
52,1,2009,1,104,4,1
52,1,2009,1,126,1,1
52,1,2009,1,82,1,1
52,1,2009,1,116,1,1
52,1,2009,1,133,1,1
52,1,2009,1,121,1,1
52,1,2009,1,236,1,1
52,1,2009,1,177,1,1
52,0,2009,1,170,1,1
52,1,2009,1,48,1,1
52,1,2009,1,36,1,1
52,1,2009,1,38,1,1
52,1,2009,1,111,1,1
52,1,2009,1,54,1,1
52,1,2009,1,191,1,1
52,1,2009,1,17,1,1
52,1,2009,1,196,1,1
52,1,2009,1,44,1,1
52,1,2009,1,206,1,1
52,1,2009,1,144,1,1
52,1,2009,1,176,1,1
52,0,2009,1,37,1,1
52,1,2009,1,188,1,1
52,1,2009,1,192,1,1
52,1,2009,1,76,1,1
52,1,2009,1,29,1,1
52,1,2009,1,212,1,1
52,1,2009,1,122,1,1
52,1,2009,1,189,1,1
52,1,2009,1,167,1,1
52,1,2009,1,104,4,1
52,1,2009,1,126,1,1
52,1,2009,1,82,1,1
52,1,2009,1,116,1,1
52,1,2009,1,133,1,1
52,1,2009,1,121,1,1
52,1,2009,1,236,1,1
52,1,2009,1,177,1,1
52,1,2009,1,170,1,1
52,1,2009,1,48,1,1
52,1,2009,1,36,1,1
52,1,2009,1,38,1,1
52,1,2009,1,111,1,1
52,1,2009,1,54,1,1
52,1,2009,1,191,1,1
52,1,2009,1,17,1,1
52,1,2009,1,196,1,1
52,1,2009,1,44,1,1
52,1,2009,1,206,1,1
52,1,2009,1,144,1,1
52,1,2009,1,176,1,1
52,1,2009,1,37,1,1
52,1,2009,1,188,1,1
52,1,2009,1,192,1,1
52,1,2009,1,76,1,1
52,1,2009,1,29,1,1
52,1,2009,1,212,1,1
52,1,2009,1,122,1,1
52,1,2009,1,189,1,1
52,1,2009,1,167,1,1
52,1,2009,1,104,4,1
52,1,2009,1,126,1,1
52,1,2009,1,82,1,1
52,1,2009,1,116,1,1
52,1,2009,1,133,1,1
52,1,2009,1,121,1,1
52,1,2009,1,236,1,1
52,1,2009,1,177,1,1
52,1,2009,1,170,1,1
52,1,2009,1,48,1,1
52,1,2009,1,36,1,1
52,1,2009,1,38,1,1
52,1,2009,1,111,1,1
52,1,2009,1,54,1,1
52,1,2009,1,191,1,1
52,1,2009,1,17,1,1
52,1,2009,1,196,1,1
52,1,2009,1,44,1,1
52,1,2009,1,206,1,1
52,1,2009,1,144,1,1
52,1,2009,1,176,1,1
52,1,2009,1,37,1,1
52,1,2009,1,188,1,1
52,1,2009,1,192,1,1
52,0,2009,1,118,1,1
52,0,2009,1,79,1,1
52,1,2009,1,76,1,1
52,1,2009,1,29,1,1
52,1,2009,1,212,1,1
52,1,2009,1,122,1,1
52,1,2009,1,189,1,1
52,1,2009,1,167,1,1
52,0,2009,1,52,1,1
52,1,2009,1,104,4,1
52,1,2009,1,126,1,1
52,1,2009,1,82,1,1
52,1,2009,1,116,1,1
52,1,2009,1,133,1,1
52,1,2009,1,121,1,1
52,1,2009,1,236,1,1
52,1,2009,1,177,1,1
52,1,2009,1,170,1,1
52,1,2009,1,48,1,1
52,1,2009,1,36,1,1
52,1,2009,1,38,1,1
52,1,2009,1,111,1,1
52,1,2009,1,54,1,1
52,1,2009,1,191,1,1
52,1,2009,1,196,1,1
52,1,2009,1,44,1,1
52,1,2009,1,206,1,1
52,1,2009,1,144,1,1
52,1,2009,1,176,1,1
52,1,2009,1,37,1,1
52,1,2009,1,188,1,1
52,1,2009,1,192,1,1
52,1,2009,1,118,1,1
52,1,2009,1,79,1,1
52,1,2009,1,76,1,1
52,1,2009,1,29,1,1
52,1,2009,1,212,1,1
52,1,2009,1,122,1,1
52,1,2009,1,189,1,1
52,1,2009,1,167,1,1
52,1,2009,1,52,1,1
27,402,2009,1,104,1,0
27,402,2009,1,16,6,0
52,1,2009,1,104,4,1
52,1,2009,1,126,1,1
52,1,2009,1,82,1,1
52,1,2009,1,116,1,1
52,1,2009,1,133,1,1
52,1,2009,1,121,1,1
52,1,2009,1,236,1,1
52,1,2009,1,177,1,1
52,1,2009,1,170,1,1
52,1,2009,1,48,1,1
52,1,2009,1,36,1,1
52,1,2009,1,38,1,1
52,1,2009,1,111,1,1
52,1,2009,1,54,1,1
52,1,2009,1,191,1,1
52,1,2009,1,196,1,1
52,1,2009,1,44,1,1
52,1,2009,1,206,1,1
52,1,2009,1,144,1,1
52,1,2009,1,176,1,1
52,1,2009,1,37,1,1
52,1,2009,1,188,1,1
52,1,2009,1,192,1,1
52,1,2009,1,118,1,1
52,0,2009,1,55,1,1
52,1,2009,1,79,1,1
52,1,2009,1,76,1,1
52,1,2009,1,29,1,1
52,1,2009,1,212,1,1
52,1,2009,1,122,1,1
52,1,2009,1,189,1,1
52,1,2009,1,167,1,1
52,1,2009,1,52,1,1
52,1,2009,1,104,4,1
52,1,2009,1,126,1,1
52,1,2009,1,82,1,1
52,1,2009,1,116,1,1
52,1,2009,1,133,1,1
52,1,2009,1,121,1,1
52,1,2009,1,236,1,1
52,1,2009,1,177,1,1
52,1,2009,1,170,1,1
52,1,2009,1,48,1,1
52,1,2009,1,36,1,1
52,0,2009,1,148,1,1
52,1,2009,1,38,1,1
52,1,2009,1,111,1,1
52,1,2009,1,54,1,1
52,0,2009,1,207,1,1
52,1,2009,1,191,1,1
52,1,2009,1,196,1,1
52,1,2009,1,44,1,1
52,1,2009,1,206,1,1
52,1,2009,1,144,1,1
52,1,2009,1,176,1,1
52,1,2009,1,37,1,1
52,1,2009,1,188,1,1
52,1,2009,1,192,1,1
52,1,2009,1,118,1,1
52,1,2009,1,55,1,1
52,1,2009,1,79,1,1
52,1,2009,1,76,1,1
52,1,2009,1,29,1,1
52,1,2009,1,212,1,1
52,1,2009,1,122,1,1
52,1,2009,1,189,1,1
52,1,2009,1,167,1,1
52,1,2009,1,52,1,1
52,1,2009,1,104,4,1
52,1,2009,1,126,1,1
52,1,2009,1,82,1,1
52,1,2009,1,116,1,1
52,1,2009,1,133,1,1
52,0,2009,1,1,1,1
52,1,2009,1,121,1,1
52,0,2009,1,180,1,1
52,1,2009,1,236,1,1
52,1,2009,1,177,1,1
52,1,2009,1,170,1,1
52,1,2009,1,48,1,1
52,1,2009,1,36,1,1
52,1,2009,1,148,1,1
52,1,2009,1,38,1,1
52,1,2009,1,111,1,1
52,1,2009,1,54,1,1
52,1,2009,1,207,1,1
52,1,2009,1,191,1,1
52,1,2009,1,196,1,1
52,1,2009,1,44,1,1
52,1,2009,1,206,1,1
52,0,2009,1,120,1,1
52,1,2009,1,144,1,1
52,1,2009,1,176,1,1
52,1,2009,1,37,1,1
52,1,2009,1,188,1,1
52,1,2009,1,192,1,1
52,1,2009,1,118,1,1
52,1,2009,1,55,1,1
52,1,2009,1,79,1,1
52,1,2009,1,76,1,1
52,1,2009,1,29,1,1
52,1,2009,1,212,1,1
52,1,2009,1,122,1,1
52,1,2009,1,189,1,1
52,1,2009,1,167,1,1
52,1,2009,1,52,1,1
52,0,2009,1,126,1,0
52,0,2009,1,82,1,0
52,0,2009,1,116,1,0
52,0,2009,1,133,1,0
52,0,2009,1,1,1,0
52,0,2009,1,104,4,0
52,0,2009,1,121,1,0
52,0,2009,1,180,1,0
52,0,2009,1,236,1,0
52,0,2009,1,177,1,0
52,0,2009,1,170,1,0
52,0,2009,1,48,1,0
52,0,2009,1,148,1,0
52,0,2009,1,38,1,0
52,0,2009,1,111,1,0
52,0,2009,1,54,1,0
52,0,2009,1,189,1,0
52,0,2009,1,207,1,0
52,0,2009,1,191,1,0
52,0,2009,1,196,1,0
52,0,2009,1,44,1,0
52,0,2009,1,206,1,0
52,0,2009,1,120,1,0
52,0,2009,1,144,1,0
52,0,2009,1,176,1,0
52,0,2009,1,37,1,0
52,0,2009,1,188,1,0
52,0,2009,1,192,1,0
52,0,2009,1,118,1,0
52,0,2009,1,55,1,0
52,0,2009,1,79,1,0
52,0,2009,1,76,1,0
52,0,2009,1,29,1,0
52,0,2009,1,212,1,0
52,0,2009,1,122,1,0
52,0,2009,1,66,1,0
52,0,2009,1,167,1,0
52,0,2009,1,52,1,0
52,2,2009,1,126,1,0
52,2,2009,1,82,1,0
52,2,2009,1,116,1,0
52,2,2009,1,133,1,0
52,2,2009,1,1,1,0
52,2,2009,1,104,3,0
52,2,2009,1,121,1,0
52,2,2009,1,180,1,0
52,2,2009,1,236,1,0
52,2,2009,1,177,1,0
52,2,2009,1,170,1,0
52,2,2009,1,48,1,0
52,2,2009,1,148,1,0
52,2,2009,1,38,1,0
52,2,2009,1,111,1,0
52,2,2009,1,54,1,0
52,2,2009,1,189,1,0
52,2,2009,1,207,1,0
52,2,2009,1,191,1,0
52,2,2009,1,196,1,0
52,2,2009,1,44,1,0
52,2,2009,1,206,1,0
52,2,2009,1,120,1,0
52,2,2009,1,144,1,0
52,2,2009,1,176,1,0
52,2,2009,1,37,1,0
52,2,2009,1,188,1,0
52,2,2009,1,192,1,0
52,2,2009,1,118,1,0
52,2,2009,1,55,1,0
52,2,2009,1,79,1,0
52,2,2009,1,76,1,0
52,2,2009,1,29,1,0
52,2,2009,1,212,1,0
52,2,2009,1,122,1,0
52,0,2009,1,66,1,0
52,2,2009,1,167,1,0
52,2,2009,1,52,1,0
52,3,2009,1,126,1,0
52,3,2009,1,82,1,0
52,3,2009,1,116,1,0
52,3,2009,1,133,1,0
52,3,2009,1,1,1,0
52,3,2009,1,104,4,0
52,3,2009,1,121,1,0
52,3,2009,1,180,1,0
52,3,2009,1,236,1,0
52,3,2009,1,177,1,0
52,3,2009,1,170,1,0
52,3,2009,1,48,1,0
52,3,2009,1,148,1,0
52,3,2009,1,38,1,0
52,3,2009,1,111,1,0
52,3,2009,1,54,1,0
52,3,2009,1,189,1,0
52,3,2009,1,207,1,0
52,3,2009,1,191,1,0
52,3,2009,1,196,1,0
52,3,2009,1,44,1,0
52,3,2009,1,206,1,0
52,3,2009,1,120,1,0
52,0,2009,1,139,1,0
52,3,2009,1,144,1,0
52,3,2009,1,176,1,0
52,3,2009,1,37,1,0
52,3,2009,1,188,1,0
52,3,2009,1,192,1,0
52,3,2009,1,118,1,0
52,3,2009,1,55,1,0
52,3,2009,1,79,1,0
52,3,2009,1,76,1,0
52,3,2009,1,29,1,0
52,3,2009,1,212,1,0
52,3,2009,1,122,1,0
52,0,2009,1,66,1,0
52,3,2009,1,167,1,0
52,3,2009,1,52,1,0
52,4,2009,1,126,1,0
52,4,2009,1,82,1,0
52,4,2009,1,116,1,0
52,4,2009,1,133,1,0
52,4,2009,1,1,1,0
52,4,2009,1,104,3,0
52,4,2009,1,121,1,0
52,4,2009,1,180,1,0
52,4,2009,1,236,1,0
52,4,2009,1,177,1,0
52,4,2009,1,170,1,0
52,4,2009,1,48,1,0
52,4,2009,1,148,1,0
52,4,2009,1,38,1,0
52,4,2009,1,111,1,0
52,4,2009,1,54,1,0
52,4,2009,1,189,1,0
52,4,2009,1,207,1,0
52,4,2009,1,191,1,0
52,4,2009,1,196,1,0
52,4,2009,1,44,1,0
52,4,2009,1,206,1,0
52,4,2009,1,120,1,0
52,0,2009,1,139,1,0
52,4,2009,1,144,1,0
52,4,2009,1,176,1,0
52,4,2009,1,37,1,0
52,4,2009,1,188,1,0
52,4,2009,1,192,1,0
52,4,2009,1,118,1,0
52,4,2009,1,55,1,0
52,4,2009,1,79,1,0
52,4,2009,1,76,1,0
52,4,2009,1,29,1,0
52,4,2009,1,212,1,0
52,4,2009,1,122,1,0
52,0,2009,1,66,1,0
52,4,2009,1,167,1,0
52,4,2009,1,52,1,0
52,5,2009,1,126,1,0
52,5,2009,1,82,1,0
52,5,2009,1,116,1,0
52,5,2009,1,133,1,0
52,5,2009,1,1,1,0
52,5,2009,1,104,3,0
52,5,2009,1,121,1,0
52,5,2009,1,180,1,0
52,0,2009,1,117,1,0
52,5,2009,1,236,1,0
52,5,2009,1,177,1,0
52,5,2009,1,170,1,0
52,5,2009,1,48,1,0
52,5,2009,1,148,1,0
52,5,2009,1,38,1,0
52,5,2009,1,111,1,0
52,5,2009,1,54,1,0
52,5,2009,1,189,1,0
52,5,2009,1,207,1,0
52,5,2009,1,191,1,0
52,5,2009,1,196,1,0
52,5,2009,1,44,1,0
52,5,2009,1,206,1,0
52,5,2009,1,120,1,0
52,0,2009,1,139,1,0
52,5,2009,1,144,1,0
52,5,2009,1,176,1,0
52,5,2009,1,37,1,0
52,5,2009,1,188,1,0
52,5,2009,1,192,1,0
52,5,2009,1,118,1,0
52,5,2009,1,55,1,0
52,5,2009,1,79,1,0
52,5,2009,1,76,1,0
52,5,2009,1,29,1,0
52,5,2009,1,212,1,0
52,5,2009,1,122,1,0
52,0,2009,1,66,1,0
52,5,2009,1,167,1,0
52,5,2009,1,52,1,0
67,212,2009,7,104,1,0
67,458,2009,7,16,9,0
52,6,2009,1,126,1,0
52,6,2009,1,82,1,0
52,6,2009,1,116,1,0
52,6,2009,1,133,1,0
52,6,2009,1,1,1,0
52,6,2009,1,104,3,0
52,6,2009,1,121,1,0
52,6,2009,1,180,1,0
52,0,2009,1,117,1,0
52,6,2009,1,236,1,0
52,6,2009,1,177,1,0
52,6,2009,1,170,1,0
52,6,2009,1,48,1,0
52,6,2009,1,148,1,0
52,6,2009,1,38,1,0
52,6,2009,1,111,1,0
52,6,2009,1,54,1,0
52,6,2009,1,189,1,0
52,6,2009,1,207,1,0
52,6,2009,1,191,1,0
52,0,2009,1,168,1,0
52,6,2009,1,196,1,0
52,6,2009,1,44,1,0
52,6,2009,1,206,1,0
52,6,2009,1,120,1,0
52,0,2009,1,139,1,0
52,6,2009,1,144,1,0
52,6,2009,1,176,1,0
52,6,2009,1,37,1,0
52,6,2009,1,188,1,0
52,6,2009,1,192,1,0
52,6,2009,1,118,1,0
52,6,2009,1,55,1,0
52,6,2009,1,79,1,0
52,6,2009,1,76,1,0
52,6,2009,1,29,1,0
52,6,2009,1,212,1,0
52,6,2009,1,122,1,0
52,0,2009,1,66,1,0
52,6,2009,1,167,1,0
52,6,2009,1,52,1,0
52,8,2009,1,126,1,0
52,8,2009,1,82,1,0
52,0,2009,1,171,1,0
52,8,2009,1,116,1,0
52,8,2009,1,133,1,0
52,8,2009,1,1,1,0
52,8,2009,1,104,3,0
52,8,2009,1,121,1,0
52,8,2009,1,180,1,0
52,0,2009,1,117,1,0
52,8,2009,1,236,1,0
52,8,2009,1,177,1,0
52,8,2009,1,170,1,0
52,8,2009,1,48,1,0
52,8,2009,1,148,1,0
52,0,2009,1,96,1,0
52,8,2009,1,38,1,0
52,8,2009,1,111,1,0
52,8,2009,1,54,1,0
52,8,2009,1,189,1,0
52,8,2009,1,207,1,0
52,8,2009,1,191,1,0
52,0,2009,1,168,1,0
52,8,2009,1,196,1,0
52,8,2009,1,44,1,0
52,8,2009,1,206,1,0
52,8,2009,1,120,1,0
52,0,2009,1,139,1,0
52,8,2009,1,144,1,0
52,8,2009,1,176,1,0
52,8,2009,1,37,1,0
52,8,2009,1,188,1,0
52,8,2009,1,192,1,0
52,0,2009,1,140,1,0
52,8,2009,1,118,1,0
52,8,2009,1,55,1,0
52,8,2009,1,79,1,0
52,8,2009,1,76,1,0
52,8,2009,1,29,1,0
52,8,2009,1,212,1,0
52,8,2009,1,122,1,0
52,0,2009,1,66,1,0
52,8,2009,1,167,1,0
52,8,2009,1,52,1,0
52,9,2009,1,126,1,0
52,9,2009,1,82,1,0
52,0,2009,1,171,1,0
52,9,2009,1,116,1,0
52,9,2009,1,133,1,0
52,9,2009,1,1,1,0
52,9,2009,1,104,5,0
52,9,2009,1,121,1,0
52,9,2009,1,180,1,0
52,0,2009,1,117,1,0
52,9,2009,1,236,1,0
52,9,2009,1,177,1,0
52,9,2009,1,170,1,0
52,9,2009,1,48,1,0
52,9,2009,1,148,1,0
52,0,2009,1,96,1,0
52,9,2009,1,38,1,0
52,9,2009,1,111,1,0
52,9,2009,1,54,1,0
52,9,2009,1,189,1,0
52,9,2009,1,207,1,0
52,9,2009,1,191,1,0
52,0,2009,1,168,1,0
52,9,2009,1,196,1,0
52,9,2009,1,44,1,0
52,9,2009,1,206,1,0
52,9,2009,1,120,1,0
52,0,2009,1,139,1,0
52,9,2009,1,144,1,0
52,9,2009,1,176,1,0
52,9,2009,1,37,1,0
52,9,2009,1,188,1,0
52,9,2009,1,192,1,0
52,0,2009,1,140,1,0
52,9,2009,1,118,1,0
52,9,2009,1,55,1,0
52,9,2009,1,79,1,0
52,9,2009,1,76,1,0
52,9,2009,1,29,1,0
52,9,2009,1,212,1,0
52,9,2009,1,122,1,0
52,0,2009,1,66,1,0
52,9,2009,1,167,1,0
52,9,2009,1,52,1,0
52,10,2009,1,126,1,0
52,10,2009,1,82,1,0
52,0,2009,1,171,1,0
52,10,2009,1,116,1,0
52,0,2009,1,203,1,0
52,10,2009,1,133,1,0
52,10,2009,1,1,1,0
52,10,2009,1,104,4,0
52,10,2009,1,121,1,0
52,10,2009,1,180,1,0
52,0,2009,1,117,1,0
52,10,2009,1,236,1,0
52,10,2009,1,177,1,0
52,10,2009,1,170,1,0
52,10,2009,1,48,1,0
52,10,2009,1,148,1,0
52,0,2009,1,96,1,0
52,10,2009,1,38,1,0
52,10,2009,1,111,1,0
52,10,2009,1,54,1,0
52,10,2009,1,189,1,0
52,10,2009,1,207,1,0
52,10,2009,1,191,1,0
52,0,2009,1,168,1,0
52,10,2009,1,44,1,0
52,10,2009,1,196,1,0
52,10,2009,1,206,1,0
52,10,2009,1,120,1,0
52,0,2009,1,139,1,0
52,10,2009,1,144,1,0
52,10,2009,1,176,1,0
52,10,2009,1,37,1,0
52,10,2009,1,188,1,0
52,10,2009,1,192,1,0
52,0,2009,1,140,1,0
52,0,2009,1,163,1,0
52,10,2009,1,118,1,0
52,10,2009,1,55,1,0
52,10,2009,1,79,1,0
52,10,2009,1,76,1,0
52,10,2009,1,29,1,0
52,10,2009,1,212,1,0
52,10,2009,1,122,1,0
52,0,2009,1,66,1,0
52,10,2009,1,167,1,0
52,10,2009,1,52,1,0
52,9,2009,1,126,1,0
52,9,2009,1,82,1,0
52,0,2009,1,171,1,0
52,9,2009,1,116,1,0
52,0,2009,1,203,1,0
52,9,2009,1,133,1,0
52,9,2009,1,1,1,0
52,9,2009,1,104,5,0
52,9,2009,1,121,1,0
52,9,2009,1,180,1,0
52,0,2009,1,117,1,0
52,9,2009,1,236,1,0
52,9,2009,1,177,2,0
52,9,2009,1,170,1,0
52,9,2009,1,48,1,0
52,9,2009,1,148,1,0
52,0,2009,1,96,1,0
52,9,2009,1,38,1,0
52,9,2009,1,111,1,0
52,9,2009,1,54,1,0
52,9,2009,1,189,1,0
52,9,2009,1,207,1,0
52,9,2009,1,191,1,0
52,0,2009,1,168,1,0
52,9,2009,1,196,1,0
52,9,2009,1,44,1,0
52,9,2009,1,206,1,0
52,9,2009,1,120,1,0
52,0,2009,1,139,1,0
52,9,2009,1,144,1,0
52,9,2009,1,176,1,0
52,9,2009,1,37,1,0
52,9,2009,1,188,1,0
52,9,2009,1,192,1,0
52,0,2009,1,140,1,0
52,0,2009,1,163,1,0
52,9,2009,1,55,1,0
52,9,2009,1,118,1,0
52,9,2009,1,79,1,0
52,9,2009,1,76,1,0
52,9,2009,1,29,1,0
52,9,2009,1,212,1,0
52,9,2009,1,122,1,0
52,0,2009,1,66,1,0
52,9,2009,1,167,1,0
52,9,2009,1,52,1,0
67,471,2009,1,16,4,0
67,225,2009,1,104,1,0
52,12,2009,1,126,1,0
52,12,2009,1,82,1,0
52,0,2009,1,171,1,0
52,12,2009,1,116,1,0
52,0,2009,1,203,1,0
52,12,2009,1,133,1,0
52,12,2009,1,1,1,0
52,0,2009,1,237,1,0
52,12,2009,1,104,3,0
52,12,2009,1,121,1,0
52,12,2009,1,180,1,0
52,0,2009,1,117,1,0
52,12,2009,1,236,1,0
52,12,2009,1,177,1,0
52,12,2009,1,170,1,0
52,12,2009,1,48,1,0
52,12,2009,1,148,1,0
52,0,2009,1,96,1,0
52,12,2009,1,38,1,0
52,12,2009,1,111,1,0
52,0,2009,1,155,1,0
52,12,2009,1,54,1,0
52,0,2009,1,200,1,0
52,0,2009,1,61,1,0
52,12,2009,1,189,1,0
52,12,2009,1,207,1,0
52,12,2009,1,191,1,0
52,0,2009,1,168,1,0
52,12,2009,1,196,1,0
52,12,2009,1,44,1,0
52,12,2009,1,206,1,0
52,12,2009,1,120,1,0
52,0,2009,1,139,1,0
52,12,2009,1,144,1,0
52,12,2009,1,176,1,0
52,12,2009,1,37,1,0
52,12,2009,1,188,1,0
52,12,2009,1,192,1,0
52,0,2009,1,140,1,0
52,0,2009,1,163,1,0
52,12,2009,1,118,1,0
52,12,2009,1,55,1,0
52,12,2009,1,79,1,0
52,0,2009,1,226,1,0
52,12,2009,1,76,1,0
52,12,2009,1,29,1,0
52,12,2009,1,212,1,0
52,12,2009,1,122,1,0
52,0,2009,1,66,1,0
52,12,2009,1,167,1,0
52,12,2009,1,52,1,0
67,224,2009,1,104,1,0
67,470,2009,1,16,4,0
52,15,2009,1,76,1,0
52,0,2009,1,139,1,0
52,0,2009,1,229,1,0
52,15,2009,1,118,1,0
52,15,2009,1,177,1,0
52,15,2009,1,116,1,0
52,15,2009,1,54,1,0
52,0,2009,1,96,1,0
52,15,2009,1,144,1,0
52,15,2009,1,82,1,0
52,15,2009,1,167,1,0
52,15,2009,1,44,1,0
52,0,2009,1,171,1,0
52,15,2009,1,37,1,0
52,15,2009,1,236,1,0
52,15,2009,1,176,1,0
52,15,2009,1,122,1,0
52,15,2009,1,29,1,0
52,15,2009,1,133,1,0
52,15,2009,1,104,3,0
52,0,2009,1,237,1,0
52,15,2009,1,170,1,0
52,0,2009,1,168,1,0
52,15,2009,1,1,1,0
52,15,2009,1,196,1,0
52,15,2009,1,192,1,0
52,15,2009,1,148,1,0
52,0,2009,1,62,1,0
52,15,2009,1,180,1,0
52,0,2009,1,226,1,0
52,15,2009,1,207,1,0
52,15,2009,1,126,1,0
52,0,2009,1,155,1,0
52,0,2009,1,217,1,0
52,0,2009,1,61,1,0
52,15,2009,1,212,1,0
52,15,2009,1,55,1,0
52,0,2009,1,163,1,0
52,0,2009,1,81,1,0
52,0,2009,1,166,1,0
52,0,2009,1,153,1,0
52,15,2009,1,189,1,0
52,0,2009,1,200,1,0
52,15,2009,1,206,1,0
52,0,2009,1,77,1,0
52,15,2009,1,188,1,0
52,15,2009,1,48,1,0
52,0,2009,1,140,1,0
52,0,2009,1,117,1,0
52,15,2009,1,111,1,0
52,15,2009,1,191,1,0
52,0,2009,1,66,1,0
52,15,2009,1,52,1,0
52,0,2009,1,136,1,0
52,15,2009,1,38,1,0
52,0,2009,1,106,1,0
52,15,2009,1,121,1,0
52,15,2009,1,79,1,0
52,15,2009,1,120,1,0
52,0,2009,1,203,1,0
27,424,2009,1,104,1,0
27,424,2009,1,16,5,0
52,17,2009,1,76,1,0
52,17,2009,1,104,4,0
52,0,2009,1,139,1,0
52,0,2009,1,229,1,0
52,17,2009,1,118,1,0
52,17,2009,1,177,1,0
52,17,2009,1,116,1,0
52,17,2009,1,54,1,0
52,0,2009,1,96,1,0
52,17,2009,1,144,1,0
52,17,2009,1,82,1,0
52,17,2009,1,167,1,0
52,17,2009,1,44,1,0
52,0,2009,1,171,1,0
52,17,2009,1,37,1,0
52,17,2009,1,236,1,0
52,17,2009,1,176,1,0
52,17,2009,1,122,1,0
52,17,2009,1,29,1,0
52,17,2009,1,133,1,0
52,0,2009,1,237,1,0
52,17,2009,1,170,1,0
52,0,2009,1,168,1,0
52,17,2009,1,1,1,0
52,17,2009,1,196,1,0
52,17,2009,1,192,1,0
52,17,2009,1,148,1,0
52,0,2009,1,62,1,0
52,17,2009,1,180,1,0
52,0,2009,1,226,1,0
52,17,2009,1,207,1,0
52,17,2009,1,126,1,0
52,0,2009,1,155,1,0
52,0,2009,1,217,1,0
52,0,2009,1,23,1,0
52,17,2009,1,212,1,0
52,17,2009,1,55,1,0
52,0,2009,1,61,1,0
52,0,2009,1,163,1,0
52,0,2009,1,81,1,0
52,0,2009,1,166,1,0
52,0,2009,1,153,1,0
52,17,2009,1,189,1,0
52,0,2009,1,200,1,0
52,0,2009,1,16,1,0
52,17,2009,1,206,1,0
52,0,2009,1,77,1,0
52,17,2009,1,188,1,0
52,17,2009,1,48,1,0
52,0,2009,1,140,1,0
52,0,2009,1,117,1,0
52,17,2009,1,111,1,0
52,17,2009,1,191,1,0
52,0,2009,1,60,1,0
52,0,2009,1,40,1,0
52,0,2009,1,66,1,0
52,17,2009,1,52,1,0
52,0,2009,1,136,1,0
52,17,2009,1,38,1,0
52,0,2009,1,106,1,0
52,17,2009,1,121,1,0
52,17,2009,1,79,1,0
52,17,2009,1,120,1,0
52,0,2009,1,203,1,0
52,19,2009,1,76,1,0
52,0,2009,1,139,1,0
52,0,2009,1,229,1,0
52,19,2009,1,118,1,0
52,19,2009,1,177,1,0
52,19,2009,1,116,1,0
52,19,2009,1,54,1,0
52,0,2009,1,96,1,0
52,19,2009,1,144,1,0
52,19,2009,1,82,1,0
52,19,2009,1,167,1,0
52,19,2009,1,44,1,0
52,0,2009,1,171,1,0
52,19,2009,1,37,1,0
52,19,2009,1,236,1,0
52,19,2009,1,176,1,0
52,19,2009,1,122,1,0
52,19,2009,1,29,1,0
52,19,2009,1,133,1,0
52,19,2009,1,104,3,0
52,0,2009,1,237,1,0
52,19,2009,1,170,1,0
52,0,2009,1,168,1,0
52,19,2009,1,1,1,0
52,19,2009,1,196,1,0
52,0,2009,1,84,1,0
52,19,2009,1,192,1,0
52,19,2009,1,148,1,0
52,0,2009,1,62,1,0
52,19,2009,1,180,1,0
52,0,2009,1,226,1,0
52,19,2009,1,207,1,0
52,19,2009,1,126,1,0
52,0,2009,1,155,1,0
52,0,2009,1,217,1,0
52,0,2009,1,23,1,0
52,19,2009,1,212,1,0
52,19,2009,1,55,1,0
52,0,2009,1,61,1,0
52,0,2009,1,163,1,0
52,0,2009,1,81,1,0
52,0,2009,1,10,1,0
52,0,2009,1,166,1,0
52,0,2009,1,153,1,0
52,19,2009,1,189,1,0
52,0,2009,1,200,1,0
52,0,2009,1,16,1,0
52,19,2009,1,206,1,0
52,0,2009,1,77,1,0
52,19,2009,1,188,1,0
52,19,2009,1,48,1,0
52,0,2009,1,140,1,0
52,0,2009,1,117,1,0
52,19,2009,1,111,1,0
52,19,2009,1,191,1,0
52,0,2009,1,60,1,0
52,0,2009,1,40,1,0
52,0,2009,1,66,1,0
52,19,2009,1,52,1,0
52,0,2009,1,136,1,0
52,19,2009,1,38,1,0
52,0,2009,1,106,1,0
52,19,2009,1,121,1,0
52,0,2009,1,149,1,0
52,19,2009,1,79,1,0
52,19,2009,1,120,1,0
52,0,2009,1,203,1,0
52,22,2009,1,76,1,0
52,0,2009,1,139,1,0
52,0,2009,1,229,1,0
52,22,2009,1,118,1,0
52,22,2009,1,177,1,0
52,22,2009,1,116,1,0
52,22,2009,1,54,1,0
52,0,2009,1,96,1,0
52,22,2009,1,144,1,0
52,22,2009,1,82,1,0
52,22,2009,1,167,1,0
52,22,2009,1,44,1,0
52,0,2009,1,171,1,0
52,22,2009,1,37,1,0
52,22,2009,1,236,1,0
52,22,2009,1,176,1,0
52,22,2009,1,122,1,0
52,22,2009,1,29,1,0
52,22,2009,1,133,1,0
52,22,2009,1,104,3,0
52,0,2009,1,237,1,0
52,22,2009,1,170,1,0
52,0,2009,1,168,1,0
52,22,2009,1,1,1,0
52,22,2009,1,196,1,0
52,0,2009,1,84,1,0
52,0,2009,1,172,1,0
52,22,2009,1,192,1,0
52,22,2009,1,148,1,0
52,0,2009,1,15,1,0
52,0,2009,1,62,1,0
52,22,2009,1,180,1,0
52,0,2009,1,226,1,0
52,22,2009,1,207,1,0
52,22,2009,1,126,1,0
52,0,2009,1,155,1,0
52,0,2009,1,99,1,0
52,0,2009,1,217,1,0
52,0,2009,1,23,1,0
52,22,2009,1,212,1,0
52,22,2009,1,55,1,0
52,0,2009,1,61,1,0
52,0,2009,1,163,1,0
52,0,2009,1,81,1,0
52,0,2009,1,10,1,0
52,0,2009,1,166,1,0
52,0,2009,1,153,1,0
52,22,2009,1,189,1,0
52,0,2009,1,200,1,0
52,0,2009,1,16,1,0
52,22,2009,1,206,1,0
52,0,2009,1,77,1,0
52,0,2009,1,239,1,0
52,22,2009,1,188,1,0
52,22,2009,1,48,1,0
52,0,2009,1,140,1,0
52,0,2009,1,117,1,0
52,22,2009,1,111,1,0
52,22,2009,1,191,1,0
52,0,2009,1,60,1,0
52,0,2009,1,40,1,0
52,0,2009,1,66,1,0
52,22,2009,1,52,1,0
52,0,2009,1,136,1,0
52,22,2009,1,38,1,0
52,0,2009,1,106,1,0
52,22,2009,1,121,1,0
52,0,2009,1,149,1,0
52,22,2009,1,79,1,0
52,22,2009,1,120,1,0
52,0,2009,1,203,1,0
39,41,2009,118,209,5,0
39,41,2009,118,121,1,0
39,41,2009,118,104,1,0
39,41,2009,118,189,1,0
52,24,2009,1,76,1,0
52,0,2009,1,139,1,0
52,0,2009,1,229,1,0
52,24,2009,1,118,1,0
52,24,2009,1,177,1,0
52,24,2009,1,116,1,0
52,24,2009,1,54,1,0
52,0,2009,1,96,1,0
52,24,2009,1,144,1,0
52,24,2009,1,82,1,0
52,24,2009,1,167,1,0
52,24,2009,1,44,1,0
52,0,2009,1,171,1,0
52,24,2009,1,37,1,0
52,24,2009,1,236,1,0
52,24,2009,1,176,1,0
52,24,2009,1,122,1,0
52,24,2009,1,29,1,0
52,24,2009,1,133,1,0
52,24,2009,1,104,3,0
52,0,2009,1,237,1,0
52,24,2009,1,170,1,0
52,0,2009,1,168,1,0
52,24,2009,1,1,1,0
52,24,2009,1,196,1,0
52,0,2009,1,84,1,0
52,0,2009,1,172,1,0
52,24,2009,1,192,1,0
52,24,2009,1,148,1,0
52,0,2009,1,15,1,0
52,0,2009,1,62,1,0
52,24,2009,1,180,1,0
52,0,2009,1,226,1,0
52,24,2009,1,207,1,0
52,24,2009,1,126,1,0
52,0,2009,1,155,1,0
52,0,2009,1,99,1,0
52,0,2009,1,217,1,0
52,0,2009,1,23,1,0
52,24,2009,1,212,1,0
52,24,2009,1,55,1,0
52,0,2009,1,61,1,0
52,0,2009,1,163,1,0
52,0,2009,1,81,1,0
52,0,2009,1,10,1,0
52,0,2009,1,166,1,0
52,0,2009,1,153,1,0
52,24,2009,1,189,1,0
52,0,2009,1,200,1,0
52,0,2009,1,16,1,0
52,24,2009,1,206,1,0
52,0,2009,1,77,1,0
52,0,2009,1,239,1,0
52,24,2009,1,188,1,0
52,24,2009,1,48,1,0
52,0,2009,1,140,1,0
52,0,2009,1,117,1,0
52,24,2009,1,111,1,0
52,24,2009,1,191,1,0
52,0,2009,1,60,1,0
52,0,2009,1,40,1,0
52,0,2009,1,66,1,0
52,24,2009,1,52,1,0
52,0,2009,1,136,1,0
52,24,2009,1,38,1,0
52,0,2009,1,190,1,0
52,24,2009,1,121,1,0
52,0,2009,1,106,1,0
52,0,2009,1,149,1,0
52,24,2009,1,79,1,0
52,24,2009,1,120,1,0
52,0,2009,1,203,1,0
52,25,2009,1,76,1,0
52,0,2009,1,139,1,0
52,0,2009,1,229,1,0
52,25,2009,1,118,1,0
52,25,2009,1,177,1,0
52,25,2009,1,116,1,0
52,25,2009,1,54,1,0
52,0,2009,1,96,1,0
52,25,2009,1,144,1,0
52,25,2009,1,82,1,0
52,25,2009,1,167,1,0
52,25,2009,1,44,1,0
52,0,2009,1,171,1,0
52,25,2009,1,37,1,0
52,25,2009,1,236,1,0
52,25,2009,1,176,1,0
52,25,2009,1,122,1,0
52,25,2009,1,29,1,0
52,25,2009,1,133,1,0
52,25,2009,1,104,3,0
52,0,2009,1,237,1,0
52,25,2009,1,170,1,0
52,0,2009,1,168,1,0
52,25,2009,1,1,1,0
52,25,2009,1,196,1,0
52,0,2009,1,84,1,0
52,0,2009,1,172,1,0
52,25,2009,1,192,1,0
52,25,2009,1,148,1,0
52,0,2009,1,15,1,0
52,0,2009,1,62,1,0
52,25,2009,1,180,1,0
52,0,2009,1,226,1,0
52,25,2009,1,207,1,0
52,25,2009,1,126,1,0
52,0,2009,1,155,1,0
52,0,2009,1,99,1,0
52,0,2009,1,217,1,0
52,0,2009,1,23,1,0
52,25,2009,1,212,1,0
52,25,2009,1,55,1,0
52,0,2009,1,61,1,0
52,0,2009,1,163,1,0
52,0,2009,1,81,1,0
52,0,2009,1,10,1,0
52,0,2009,1,166,1,0
52,0,2009,1,153,1,0
52,25,2009,1,189,1,0
52,0,2009,1,200,1,0
52,0,2009,1,16,1,0
52,25,2009,1,206,1,0
52,0,2009,1,77,1,0
52,0,2009,1,239,1,0
52,25,2009,1,188,1,0
52,25,2009,1,48,1,0
52,0,2009,1,140,1,0
52,0,2009,1,117,1,0
52,25,2009,1,111,1,0
52,25,2009,1,191,1,0
52,0,2009,1,60,1,0
52,0,2009,1,40,1,0
52,0,2009,1,66,1,0
52,25,2009,1,52,1,0
52,0,2009,1,136,1,0
52,25,2009,1,38,1,0
52,0,2009,1,190,1,0
52,25,2009,1,121,1,0
52,0,2009,1,106,1,0
52,0,2009,1,149,1,0
52,25,2009,1,79,1,0
52,25,2009,1,120,1,0
52,0,2009,1,203,1,0
52,26,2009,1,76,1,0
52,0,2009,1,139,1,0
52,0,2009,1,229,1,0
52,26,2009,1,118,1,0
52,26,2009,1,177,1,0
52,26,2009,1,116,1,0
52,26,2009,1,54,1,0
52,0,2009,1,96,1,0
52,26,2009,1,144,1,0
52,26,2009,1,82,1,0
52,26,2009,1,167,1,0
52,26,2009,1,44,1,0
52,0,2009,1,171,1,0
52,26,2009,1,37,1,0
52,26,2009,1,236,1,0
52,26,2009,1,176,1,0
52,26,2009,1,122,1,0
52,26,2009,1,29,1,0
52,26,2009,1,133,1,0
52,26,2009,1,104,3,0
52,0,2009,1,237,1,0
52,26,2009,1,170,1,0
52,0,2009,1,168,1,0
52,26,2009,1,1,1,0
52,26,2009,1,196,1,0
52,0,2009,1,84,1,0
52,0,2009,1,172,1,0
52,26,2009,1,192,1,0
52,26,2009,1,148,1,0
52,0,2009,1,15,1,0
52,0,2009,1,62,1,0
52,26,2009,1,180,1,0
52,0,2009,1,226,1,0
52,26,2009,1,207,1,0
52,26,2009,1,126,1,0
52,0,2009,1,155,1,0
52,0,2009,1,99,1,0
52,0,2009,1,217,1,0
52,0,2009,1,23,1,0
52,26,2009,1,212,1,0
52,26,2009,1,55,1,0
52,0,2009,1,61,1,0
52,0,2009,1,163,1,0
52,0,2009,1,81,1,0
52,0,2009,1,10,1,0
52,0,2009,1,166,1,0
52,0,2009,1,153,1,0
52,26,2009,1,189,1,0
52,0,2009,1,200,1,0
52,0,2009,1,16,1,0
52,26,2009,1,206,1,0
52,0,2009,1,77,1,0
52,0,2009,1,239,1,0
52,26,2009,1,188,1,0
52,26,2009,1,48,1,0
52,0,2009,1,140,1,0
52,0,2009,1,117,1,0
52,26,2009,1,111,1,0
52,26,2009,1,191,1,0
52,0,2009,1,60,1,0
52,0,2009,1,40,1,0
52,0,2009,1,66,1,0
52,26,2009,1,52,1,0
52,0,2009,1,136,1,0
52,26,2009,1,38,1,0
52,0,2009,1,190,1,0
52,26,2009,1,121,1,0
52,0,2009,1,106,1,0
52,0,2009,1,149,1,0
52,26,2009,1,79,1,0
52,26,2009,1,120,1,0
52,0,2009,1,203,1,0
52,29,2009,1,76,1,0
52,0,2009,1,139,1,0
52,0,2009,1,229,1,0
52,29,2009,1,118,1,0
52,29,2009,1,177,1,0
52,29,2009,1,116,1,0
52,29,2009,1,54,1,0
52,0,2009,1,96,1,0
52,29,2009,1,144,1,0
52,29,2009,1,82,1,0
52,29,2009,1,167,1,0
52,29,2009,1,44,1,0
52,0,2009,1,171,1,0
52,29,2009,1,37,1,0
52,29,2009,1,236,1,0
52,29,2009,1,176,1,0
52,29,2009,1,122,1,0
52,29,2009,1,29,1,0
52,29,2009,1,133,1,0
52,29,2009,1,104,3,0
52,0,2009,1,237,1,0
52,29,2009,1,170,1,0
52,0,2009,1,168,1,0
52,29,2009,1,1,1,0
52,29,2009,1,196,1,0
52,0,2009,1,84,1,0
52,0,2009,1,172,1,0
52,29,2009,1,192,1,0
52,29,2009,1,148,1,0
52,0,2009,1,15,1,0
52,0,2009,1,62,1,0
52,29,2009,1,180,1,0
52,0,2009,1,226,1,0
52,29,2009,1,207,1,0
52,29,2009,1,126,1,0
52,0,2009,1,155,1,0
52,0,2009,1,99,1,0
52,0,2009,1,217,1,0
52,0,2009,1,23,1,0
52,29,2009,1,212,1,0
52,29,2009,1,55,1,0
52,0,2009,1,61,1,0
52,0,2009,1,163,1,0
52,0,2009,1,81,1,0
52,0,2009,1,10,1,0
52,0,2009,1,166,1,0
52,0,2009,1,153,1,0
52,0,2009,1,73,1,0
52,29,2009,1,189,1,0
52,0,2009,1,200,1,0
52,0,2009,1,16,1,0
52,29,2009,1,206,1,0
52,0,2009,1,77,1,0
52,0,2009,1,239,1,0
52,29,2009,1,188,1,0
52,29,2009,1,48,1,0
52,0,2009,1,140,1,0
52,0,2009,1,117,1,0
52,29,2009,1,111,1,0
52,29,2009,1,191,1,0
52,0,2009,1,60,1,0
52,0,2009,1,40,1,0
52,0,2009,1,66,1,0
52,29,2009,1,52,1,0
52,0,2009,1,136,1,0
52,29,2009,1,38,1,0
52,0,2009,1,190,1,0
52,29,2009,1,121,1,0
52,0,2009,1,106,1,0
52,0,2009,1,149,1,0
52,29,2009,1,79,1,0
52,29,2009,1,120,1,0
52,0,2009,1,203,1,0
52,31,2009,1,76,1,0
52,0,2009,1,139,1,0
52,31,2009,1,118,1,0
52,31,2009,1,116,1,0
52,31,2009,1,236,1,0
52,0,2009,1,237,1,0
52,31,2009,1,196,1,0
52,31,2009,1,192,1,0
52,31,2009,1,148,1,0
52,0,2009,1,15,1,0
52,31,2009,1,104,5,0
52,31,2009,1,55,1,0
52,0,2009,1,26,1,0
52,31,2009,1,189,1,0
52,31,2009,1,111,1,0
52,31,2009,1,191,1,0
52,0,2009,1,28,1,0
52,0,2009,1,40,1,0
52,0,2009,1,66,1,0
52,0,2009,1,94,1,0
52,31,2009,1,121,3,0
52,0,2009,1,203,1,0
52,31,2009,1,82,1,0
52,31,2009,1,54,1,0
52,0,2009,1,58,1,0
52,31,2009,1,133,1,0
52,31,2009,1,126,1,0
52,0,2009,1,99,1,0
52,0,2009,1,217,1,0
52,0,2009,1,23,1,0
52,0,2009,1,132,1,0
52,0,2009,1,61,1,0
52,0,2009,1,6,1,0
52,31,2009,1,206,1,0
52,0,2009,1,239,1,0
52,31,2009,1,52,1,0
52,0,2009,1,136,1,0
52,0,2009,1,106,1,0
52,31,2009,1,188,1,0
52,0,2009,1,229,1,0
52,0,2009,1,96,1,0
52,31,2009,1,144,1,0
52,31,2009,1,167,1,0
52,31,2009,1,44,1,0
52,0,2009,1,171,1,0
52,31,2009,1,176,1,0
52,31,2009,1,122,1,0
52,31,2009,1,29,1,0
52,0,2009,1,3,1,0
52,0,2009,1,84,1,0
52,0,2009,1,172,1,0
52,0,2009,1,157,1,0
52,0,2009,1,226,1,0
52,31,2009,1,207,1,0
52,0,2009,1,155,1,0
52,31,2009,1,212,1,0
52,0,2009,1,81,1,0
52,0,2009,1,146,1,0
52,0,2009,1,166,1,0
52,0,2009,1,153,1,0
52,0,2009,1,73,1,0
52,0,2009,1,200,1,0
52,0,2009,1,16,1,0
52,0,2009,1,77,1,0
52,0,2009,1,227,1,0
52,0,2009,1,145,1,0
52,0,2009,1,149,1,0
52,31,2009,1,79,1,0
52,31,2009,1,120,1,0
52,31,2009,1,177,1,0
52,31,2009,1,37,1,0
52,0,2009,1,169,1,0
52,31,2009,1,170,1,0
52,0,2009,1,168,1,0
52,31,2009,1,1,1,0
52,0,2009,1,62,1,0
52,31,2009,1,180,1,0
52,0,2009,1,163,1,0
52,0,2009,1,10,1,0
52,31,2009,1,48,1,0
52,0,2009,1,140,1,0
52,0,2009,1,117,1,0
52,0,2009,1,60,1,0
52,31,2009,1,38,1,0
52,0,2009,1,190,1,0
52,0,2009,1,6,1,0
52,33,2009,1,76,1,0
52,0,2009,1,139,1,0
52,33,2009,1,118,1,0
52,33,2009,1,116,1,0
52,0,2009,1,57,1,0
52,33,2009,1,236,1,0
52,0,2009,1,237,1,0
52,33,2009,1,196,1,0
52,33,2009,1,192,1,0
52,33,2009,1,148,1,0
52,0,2009,1,15,1,0
52,33,2009,1,104,6,0
52,33,2009,1,55,1,0
52,0,2009,1,26,1,0
52,33,2009,1,189,1,0
52,0,2009,1,63,1,0
52,33,2009,1,111,1,0
52,33,2009,1,191,1,0
52,0,2009,1,40,1,0
52,0,2009,1,66,1,0
52,0,2009,1,94,1,0
52,33,2009,1,121,2,0
52,0,2009,1,203,1,0
52,33,2009,1,82,1,0
52,33,2009,1,54,1,0
52,0,2009,1,58,1,0
52,33,2009,1,133,1,0
52,0,2009,1,0,1,0
52,33,2009,1,126,1,0
52,0,2009,1,99,1,0
52,0,2009,1,217,1,0
52,0,2009,1,23,1,0
52,0,2009,1,132,1,0
52,0,2009,1,61,1,0
52,33,2009,1,206,1,0
52,0,2009,1,239,1,0
52,0,2009,1,220,1,0
52,33,2009,1,52,1,0
52,0,2009,1,136,1,0
52,0,2009,1,106,1,0
52,33,2009,1,188,1,0
52,0,2009,1,229,1,0
52,0,2009,1,96,1,0
52,33,2009,1,144,1,0
52,0,2009,1,146,1,0
52,33,2009,1,167,1,0
52,33,2009,1,44,1,0
52,0,2009,1,171,1,0
52,33,2009,1,176,1,0
52,33,2009,1,122,1,0
52,33,2009,1,29,1,0
52,0,2009,1,3,1,0
52,0,2009,1,84,1,0
52,0,2009,1,172,1,0
52,0,2009,1,157,1,0
52,0,2009,1,226,1,0
52,33,2009,1,207,1,0
52,0,2009,1,4,1,0
52,0,2009,1,155,1,0
52,33,2009,1,212,1,0
52,0,2009,1,81,1,0
52,0,2009,1,166,1,0
52,0,2009,1,153,1,0
52,0,2009,1,73,1,0
52,0,2009,1,200,1,0
52,0,2009,1,16,1,0
52,0,2009,1,77,1,0
52,0,2009,1,227,1,0
52,0,2009,1,145,1,0
52,0,2009,1,149,1,0
52,33,2009,1,79,1,0
52,33,2009,1,120,1,0
52,33,2009,1,177,1,0
52,33,2009,1,37,1,0
52,0,2009,1,169,1,0
52,33,2009,1,170,1,0
52,0,2009,1,168,1,0
52,33,2009,1,1,1,0
52,0,2009,1,90,1,0
52,0,2009,1,62,1,0
52,33,2009,1,180,1,0
52,0,2009,1,163,1,0
52,0,2009,1,10,1,0
52,0,2009,1,28,1,0
52,33,2009,1,48,1,0
52,0,2009,1,140,1,0
52,0,2009,1,117,1,0
52,0,2009,1,60,1,0
52,33,2009,1,38,1,0
52,0,2009,1,190,1,0
52,0,2009,1,6,1,0
52,36,2009,1,76,1,0
52,0,2009,1,139,1,0
52,36,2009,1,118,1,0
52,36,2009,1,116,1,0
52,0,2009,1,57,1,0
52,36,2009,1,236,1,0
52,0,2009,1,237,1,0
52,36,2009,1,196,1,0
52,36,2009,1,192,1,0
52,36,2009,1,148,1,0
52,0,2009,1,15,1,0
52,36,2009,1,104,6,0
52,36,2009,1,55,1,0
52,0,2009,1,26,1,0
52,36,2009,1,189,1,0
52,0,2009,1,63,1,0
52,36,2009,1,111,1,0
52,36,2009,1,191,1,0
52,0,2009,1,40,1,0
52,0,2009,1,66,1,0
52,0,2009,1,94,1,0
52,36,2009,1,121,2,0
52,0,2009,1,203,1,0
52,36,2009,1,82,1,0
52,36,2009,1,54,1,0
52,0,2009,1,58,1,0
52,36,2009,1,133,1,0
52,0,2009,1,0,1,0
52,36,2009,1,126,1,0
52,0,2009,1,99,1,0
52,0,2009,1,217,1,0
52,0,2009,1,23,1,0
52,0,2009,1,132,1,0
52,0,2009,1,61,1,0
52,36,2009,1,206,1,0
52,0,2009,1,239,1,0
52,0,2009,1,220,1,0
52,36,2009,1,52,1,0
52,0,2009,1,136,1,0
52,0,2009,1,106,1,0
52,36,2009,1,188,1,0
52,0,2009,1,229,1,0
52,0,2009,1,96,1,0
52,36,2009,1,144,1,0
52,0,2009,1,146,1,0
52,36,2009,1,167,1,0
52,36,2009,1,44,1,0
52,0,2009,1,171,1,0
52,36,2009,1,176,1,0
52,0,2009,1,228,1,0
52,36,2009,1,122,1,0
52,36,2009,1,29,1,0
52,36,2009,1,36,1,0
52,0,2009,1,3,1,0
52,0,2009,1,84,1,0
52,0,2009,1,172,1,0
52,0,2009,1,157,1,0
52,0,2009,1,226,1,0
52,36,2009,1,207,1,0
52,0,2009,1,4,1,0
52,0,2009,1,155,1,0
52,36,2009,1,212,1,0
52,0,2009,1,81,1,0
52,0,2009,1,166,1,0
52,0,2009,1,153,1,0
52,0,2009,1,73,1,0
52,0,2009,1,200,1,0
52,0,2009,1,124,1,0
52,0,2009,1,16,1,0
52,0,2009,1,77,1,0
52,0,2009,1,227,1,0
52,0,2009,1,145,1,0
52,0,2009,1,149,1,0
52,36,2009,1,79,1,0
52,36,2009,1,120,1,0
52,0,2009,1,234,1,0
52,36,2009,1,177,1,0
52,36,2009,1,37,1,0
52,0,2009,1,169,1,0
52,36,2009,1,170,1,0
52,0,2009,1,168,1,0
52,36,2009,1,1,1,0
52,0,2009,1,90,1,0
52,0,2009,1,62,1,0
52,36,2009,1,180,1,0
52,0,2009,1,163,1,0
52,0,2009,1,178,1,0
52,0,2009,1,10,1,0
52,0,2009,1,28,1,0
52,36,2009,1,48,1,0
52,0,2009,1,140,1,0
52,0,2009,1,117,1,0
52,0,2009,1,60,1,0
52,36,2009,1,38,1,0
52,0,2009,1,190,1,0
52,0,2009,1,6,1,0
52,38,2009,1,76,1,0
52,0,2009,1,14,1,0
52,38,2009,1,104,7,0
52,0,2009,1,139,1,0
52,38,2009,1,118,1,0
52,38,2009,1,116,1,0
52,0,2009,1,57,1,0
52,38,2009,1,236,1,0
52,0,2009,1,237,1,0
52,38,2009,1,196,1,0
52,38,2009,1,192,1,0
52,38,2009,1,148,1,0
52,0,2009,1,15,1,0
52,38,2009,1,55,1,0
52,0,2009,1,26,1,0
52,38,2009,1,189,1,0
52,0,2009,1,63,1,0
52,38,2009,1,111,1,0
52,38,2009,1,191,1,0
52,0,2009,1,40,1,0
52,0,2009,1,66,1,0
52,0,2009,1,94,1,0
52,38,2009,1,121,2,0
52,0,2009,1,203,1,0
52,38,2009,1,82,1,0
52,38,2009,1,54,1,0
52,0,2009,1,58,1,0
52,0,2009,1,75,1,0
52,38,2009,1,133,1,0
52,0,2009,1,0,1,0
52,38,2009,1,126,1,0
52,0,2009,1,99,1,0
52,0,2009,1,217,1,0
52,0,2009,1,23,1,0
52,0,2009,1,132,1,0
52,0,2009,1,61,1,0
52,38,2009,1,206,1,0
52,0,2009,1,239,1,0
52,0,2009,1,220,1,0
52,38,2009,1,52,1,0
52,0,2009,1,136,1,0
52,0,2009,1,106,1,0
52,38,2009,1,188,1,0
52,0,2009,1,229,1,0
52,0,2009,1,96,1,0
52,38,2009,1,144,1,0
52,0,2009,1,146,1,0
52,38,2009,1,167,1,0
52,38,2009,1,44,1,0
52,0,2009,1,171,1,0
52,38,2009,1,176,1,0
52,0,2009,1,228,1,0
52,38,2009,1,122,1,0
52,0,2009,1,46,1,0
52,38,2009,1,29,1,0
52,38,2009,1,36,1,0
52,0,2009,1,3,1,0
52,0,2009,1,84,1,0
52,0,2009,1,172,1,0
52,0,2009,1,157,1,0
52,0,2009,1,226,1,0
52,38,2009,1,207,1,0
52,0,2009,1,4,1,0
52,0,2009,1,155,1,0
52,38,2009,1,212,1,0
52,0,2009,1,81,1,0
52,0,2009,1,166,1,0
52,0,2009,1,153,1,0
52,0,2009,1,73,1,0
52,0,2009,1,200,1,0
52,0,2009,1,124,1,0
52,0,2009,1,16,1,0
52,0,2009,1,77,1,0
52,0,2009,1,227,1,0
52,0,2009,1,145,1,0
52,0,2009,1,173,1,0
52,0,2009,1,149,1,0
52,38,2009,1,79,1,0
52,38,2009,1,120,1,0
52,0,2009,1,234,1,0
52,38,2009,1,177,2,0
52,38,2009,1,37,1,0
52,0,2009,1,34,2,0
52,0,2009,1,169,1,0
52,38,2009,1,170,1,0
52,0,2009,1,168,1,0
52,38,2009,1,1,1,0
52,0,2009,1,90,1,0
52,0,2009,1,62,1,0
52,38,2009,1,180,1,0
52,0,2009,1,152,1,0
52,0,2009,1,20,1,0
52,0,2009,1,163,1,0
52,0,2009,1,178,1,0
52,0,2009,1,181,1,0
52,0,2009,1,10,1,0
52,0,2009,1,28,1,0
52,38,2009,1,48,1,0
52,0,2009,1,140,1,0
52,0,2009,1,117,1,0
52,0,2009,1,60,1,0
52,38,2009,1,38,1,0
52,0,2009,1,190,1,0
52,0,2009,1,6,1,0
52,40,2009,1,76,1,0
52,0,2009,1,14,1,0
52,40,2009,1,104,7,0
52,0,2009,1,139,1,0
52,40,2009,1,118,1,0
52,40,2009,1,116,1,0
52,0,2009,1,57,1,0
52,40,2009,1,236,1,0
52,0,2009,1,237,1,0
52,40,2009,1,196,1,0
52,40,2009,1,192,1,0
52,40,2009,1,148,1,0
52,0,2009,1,15,1,0
52,40,2009,1,55,1,0
52,0,2009,1,26,1,0
52,40,2009,1,189,1,0
52,0,2009,1,63,1,0
52,40,2009,1,111,1,0
52,40,2009,1,191,1,0
52,0,2009,1,40,1,0
52,0,2009,1,66,1,0
52,0,2009,1,94,1,0
52,40,2009,1,121,2,0
52,0,2009,1,203,1,0
52,40,2009,1,82,1,0
52,40,2009,1,54,1,0
52,0,2009,1,58,1,0
52,0,2009,1,75,1,0
52,40,2009,1,133,1,0
52,0,2009,1,119,1,0
52,0,2009,1,0,1,0
52,40,2009,1,126,1,0
52,0,2009,1,99,1,0
52,0,2009,1,217,1,0
52,0,2009,1,23,1,0
52,0,2009,1,132,1,0
52,0,2009,1,61,1,0
52,40,2009,1,206,1,0
52,0,2009,1,239,1,0
52,0,2009,1,220,1,0
52,40,2009,1,52,1,0
52,0,2009,1,136,1,0
52,0,2009,1,106,1,0
52,40,2009,1,188,1,0
52,0,2009,1,229,1,0
52,0,2009,1,96,1,0
52,40,2009,1,144,1,0
52,0,2009,1,146,1,0
52,40,2009,1,167,1,0
52,40,2009,1,44,1,0
52,0,2009,1,171,1,0
52,40,2009,1,176,1,0
52,0,2009,1,228,1,0
52,40,2009,1,122,1,0
52,0,2009,1,46,1,0
52,40,2009,1,29,1,0
52,40,2009,1,36,1,0
52,0,2009,1,3,1,0
52,0,2009,1,84,1,0
52,0,2009,1,172,1,0
52,0,2009,1,157,1,0
52,0,2009,1,226,1,0
52,40,2009,1,207,1,0
52,0,2009,1,4,1,0
52,0,2009,1,155,1,0
52,0,2009,1,12,1,0
52,40,2009,1,212,1,0
52,0,2009,1,81,1,0
52,0,2009,1,166,1,0
52,0,2009,1,153,1,0
52,0,2009,1,73,1,0
52,0,2009,1,200,1,0
52,0,2009,1,124,1,0
52,0,2009,1,16,1,0
52,0,2009,1,77,1,0
52,0,2009,1,227,1,0
52,0,2009,1,145,1,0
52,0,2009,1,45,1,0
52,0,2009,1,173,1,0
52,0,2009,1,149,1,0
52,40,2009,1,79,1,0
52,40,2009,1,120,1,0
52,0,2009,1,234,1,0
52,0,2009,1,147,1,0
52,40,2009,1,177,2,0
52,40,2009,1,37,1,0
52,0,2009,1,34,2,0
52,0,2009,1,169,1,0
52,40,2009,1,170,1,0
52,0,2009,1,168,1,0
52,40,2009,1,1,1,0
52,0,2009,1,90,1,0
52,0,2009,1,62,1,0
52,40,2009,1,180,1,0
52,0,2009,1,152,1,0
52,0,2009,1,20,1,0
52,0,2009,1,163,1,0
52,0,2009,1,178,1,0
52,0,2009,1,181,1,0
52,0,2009,1,10,1,0
52,0,2009,1,28,1,0
52,40,2009,1,48,1,0
52,0,2009,1,140,1,0
52,0,2009,1,117,1,0
52,0,2009,1,60,1,0
52,40,2009,1,38,1,0
52,0,2009,1,190,1,0
52,0,2009,1,6,1,0
52,43,2009,1,76,1,0
52,0,2009,1,14,1,0
52,43,2009,1,104,7,0
52,0,2009,1,139,1,0
52,43,2009,1,118,1,0
52,43,2009,1,116,1,0
52,0,2009,1,57,1,0
52,43,2009,1,236,1,0
52,0,2009,1,237,1,0
52,43,2009,1,196,1,0
52,43,2009,1,192,1,0
52,43,2009,1,148,1,0
52,0,2009,1,15,1,0
52,43,2009,1,55,1,0
52,0,2009,1,26,1,0
52,43,2009,1,189,1,0
52,0,2009,1,63,1,0
52,43,2009,1,111,1,0
52,43,2009,1,191,1,0
52,0,2009,1,40,1,0
52,0,2009,1,66,1,0
52,0,2009,1,94,1,0
52,43,2009,1,121,2,0
52,0,2009,1,203,1,0
52,43,2009,1,82,1,0
52,43,2009,1,54,1,0
52,0,2009,1,58,1,0
52,0,2009,1,75,1,0
52,43,2009,1,133,1,0
52,0,2009,1,119,1,0
52,0,2009,1,0,1,0
52,43,2009,1,126,1,0
52,0,2009,1,99,1,0
52,0,2009,1,217,1,0
52,0,2009,1,23,1,0
52,0,2009,1,132,1,0
52,0,2009,1,61,1,0
52,0,2009,1,53,1,0
52,43,2009,1,206,1,0
52,0,2009,1,239,1,0
52,0,2009,1,220,1,0
52,43,2009,1,52,1,0
52,0,2009,1,136,1,0
52,0,2009,1,106,1,0
52,43,2009,1,188,1,0
52,0,2009,1,229,1,0
52,0,2009,1,96,1,0
52,43,2009,1,144,1,0
52,0,2009,1,146,1,0
52,43,2009,1,167,1,0
52,43,2009,1,44,1,0
52,0,2009,1,171,1,0
52,43,2009,1,176,1,0
52,0,2009,1,228,1,0
52,43,2009,1,122,1,0
52,0,2009,1,46,1,0
52,43,2009,1,29,1,0
52,43,2009,1,36,1,0
52,0,2009,1,3,1,0
52,0,2009,1,84,1,0
52,0,2009,1,172,1,0
52,0,2009,1,157,1,0
52,0,2009,1,226,1,0
52,43,2009,1,207,1,0
52,0,2009,1,4,1,0
52,0,2009,1,155,1,0
52,0,2009,1,12,1,0
52,43,2009,1,212,1,0
52,0,2009,1,81,1,0
52,0,2009,1,166,1,0
52,0,2009,1,153,1,0
52,0,2009,1,73,1,0
52,0,2009,1,200,1,0
52,0,2009,1,124,1,0
52,0,2009,1,16,1,0
52,0,2009,1,77,1,0
52,0,2009,1,227,1,0
52,0,2009,1,145,1,0
52,0,2009,1,47,1,0
52,0,2009,1,45,1,0
52,0,2009,1,173,1,0
52,0,2009,1,149,1,0
52,43,2009,1,79,1,0
52,43,2009,1,120,1,0
52,0,2009,1,234,1,0
52,0,2009,1,147,1,0
52,43,2009,1,177,2,0
52,43,2009,1,37,1,0
52,0,2009,1,70,1,0
52,0,2009,1,34,2,0
52,0,2009,1,169,1,0
52,43,2009,1,170,1,0
52,0,2009,1,168,1,0
52,43,2009,1,1,1,0
52,0,2009,1,90,1,0
52,0,2009,1,71,1,0
52,0,2009,1,62,1,0
52,43,2009,1,180,1,0
52,0,2009,1,152,1,0
52,0,2009,1,20,1,0
52,0,2009,1,163,1,0
52,0,2009,1,178,1,0
52,0,2009,1,181,1,0
52,0,2009,1,10,1,0
52,0,2009,1,28,1,0
52,43,2009,1,48,1,0
52,0,2009,1,140,1,0
52,0,2009,1,117,1,0
52,0,2009,1,60,1,0
52,43,2009,1,38,1,0
52,0,2009,1,190,1,0
27,424,2009,1,104,1,0
27,424,2009,1,16,6,0
52,0,2009,1,6,1,0
52,45,2009,1,76,1,0
52,0,2009,1,14,1,0
52,45,2009,1,104,6,0
52,0,2009,1,139,1,0
52,45,2009,1,118,1,0
52,45,2009,1,116,1,0
52,0,2009,1,57,1,0
52,45,2009,1,236,1,0
52,0,2009,1,237,1,0
52,45,2009,1,196,1,0
52,45,2009,1,192,1,0
52,45,2009,1,148,1,0
52,0,2009,1,15,1,0
52,45,2009,1,55,1,0
52,0,2009,1,26,1,0
52,45,2009,1,189,1,0
52,0,2009,1,63,1,0
52,0,2009,1,39,1,0
52,45,2009,1,111,1,0
52,45,2009,1,191,1,0
52,0,2009,1,40,1,0
52,0,2009,1,66,1,0
52,0,2009,1,94,1,0
52,45,2009,1,121,2,0
52,0,2009,1,203,1,0
52,45,2009,1,82,1,0
52,45,2009,1,54,1,0
52,0,2009,1,58,1,0
52,0,2009,1,75,1,0
52,45,2009,1,133,1,0
52,0,2009,1,119,1,0
52,0,2009,1,0,1,0
52,45,2009,1,126,1,0
52,0,2009,1,99,1,0
52,0,2009,1,217,1,0
52,0,2009,1,23,1,0
52,0,2009,1,132,1,0
52,0,2009,1,61,1,0
52,0,2009,1,225,1,0
52,0,2009,1,53,1,0
52,45,2009,1,206,1,0
52,0,2009,1,239,1,0
52,0,2009,1,220,1,0
52,45,2009,1,52,1,0
52,0,2009,1,136,1,0
52,0,2009,1,106,1,0
52,45,2009,1,188,1,0
52,0,2009,1,229,1,0
52,0,2009,1,96,1,0
52,45,2009,1,144,1,0
52,0,2009,1,146,1,0
52,45,2009,1,167,1,0
52,45,2009,1,44,1,0
52,0,2009,1,171,1,0
52,45,2009,1,176,1,0
52,0,2009,1,228,1,0
52,45,2009,1,122,1,0
52,0,2009,1,46,1,0
52,45,2009,1,29,1,0
52,45,2009,1,36,1,0
52,0,2009,1,3,1,0
52,0,2009,1,84,1,0
52,0,2009,1,172,1,0
52,0,2009,1,157,1,0
52,0,2009,1,226,1,0
52,45,2009,1,207,1,0
52,0,2009,1,4,1,0
52,0,2009,1,155,1,0
52,0,2009,1,12,1,0
52,45,2009,1,212,1,0
52,0,2009,1,81,1,0
52,0,2009,1,166,1,0
52,0,2009,1,153,1,0
52,0,2009,1,73,1,0
52,0,2009,1,200,1,0
52,0,2009,1,124,1,0
52,0,2009,1,16,1,0
52,0,2009,1,77,1,0
52,0,2009,1,227,1,0
52,0,2009,1,145,1,0
52,0,2009,1,47,1,0
52,0,2009,1,45,1,0
52,0,2009,1,173,1,0
52,0,2009,1,149,1,0
52,45,2009,1,79,1,0
52,45,2009,1,120,1,0
52,0,2009,1,234,1,0
52,0,2009,1,147,1,0
52,45,2009,1,177,2,0
52,45,2009,1,37,1,0
52,0,2009,1,70,1,0
52,0,2009,1,34,2,0
52,0,2009,1,169,1,0
52,45,2009,1,170,1,0
52,0,2009,1,168,1,0
52,45,2009,1,1,1,0
52,0,2009,1,90,1,0
52,0,2009,1,199,1,0
52,0,2009,1,62,1,0
52,45,2009,1,180,1,0
52,0,2009,1,152,1,0
52,0,2009,1,20,1,0
52,0,2009,1,87,1,0
52,0,2009,1,163,1,0
52,0,2009,1,178,1,0
52,0,2009,1,181,1,0
52,0,2009,1,10,1,0
52,0,2009,1,30,1,0
52,0,2009,1,28,1,0
52,45,2009,1,48,1,0
52,0,2009,1,140,1,0
52,0,2009,1,117,1,0
52,0,2009,1,60,1,0
52,45,2009,1,38,1,0
52,0,2009,1,190,1,0
52,0,2009,1,6,1,0
52,47,2009,1,76,1,0
52,0,2009,1,14,1,0
52,47,2009,1,104,6,0
52,0,2009,1,139,1,0
52,47,2009,1,118,1,0
52,47,2009,1,116,1,0
52,0,2009,1,11,1,0
52,0,2009,1,57,1,0
52,47,2009,1,236,1,0
52,0,2009,1,95,1,0
52,0,2009,1,237,1,0
52,47,2009,1,196,1,0
52,47,2009,1,192,1,0
52,47,2009,1,148,1,0
52,0,2009,1,15,1,0
52,47,2009,1,55,1,0
52,0,2009,1,26,1,0
52,47,2009,1,189,1,0
52,0,2009,1,63,1,0
52,0,2009,1,39,1,0
52,0,2009,1,231,1,0
52,47,2009,1,111,1,0
52,47,2009,1,191,1,0
52,0,2009,1,40,1,0
52,0,2009,1,66,1,0
52,0,2009,1,94,1,0
52,47,2009,1,121,2,0
52,0,2009,1,203,1,0
52,47,2009,1,82,1,0
52,47,2009,1,54,1,0
52,0,2009,1,58,1,0
52,0,2009,1,75,1,0
52,0,2009,1,128,1,0
52,0,2009,1,100,1,0
52,47,2009,1,133,1,0
52,0,2009,1,119,1,0
52,0,2009,1,0,1,0
52,47,2009,1,126,1,0
52,0,2009,1,99,1,0
52,0,2009,1,217,1,0
52,0,2009,1,23,1,0
52,0,2009,1,132,1,0
52,0,2009,1,61,1,0
52,0,2009,1,225,1,0
52,0,2009,1,53,1,0
52,47,2009,1,206,1,0
52,0,2009,1,239,1,0
52,0,2009,1,220,1,0
52,47,2009,1,52,1,0
52,0,2009,1,136,1,0
52,0,2009,1,106,1,0
52,47,2009,1,188,1,0
52,0,2009,1,229,1,0
52,0,2009,1,96,1,0
52,47,2009,1,144,1,0
52,0,2009,1,146,1,0
52,47,2009,1,167,1,0
52,47,2009,1,44,1,0
52,0,2009,1,171,1,0
52,47,2009,1,176,1,0
52,0,2009,1,228,1,0
52,47,2009,1,122,1,0
52,0,2009,1,46,1,0
52,47,2009,1,29,1,0
52,47,2009,1,36,1,0
52,0,2009,1,3,1,0
52,0,2009,1,84,1,0
52,0,2009,1,172,1,0
52,0,2009,1,157,1,0
52,0,2009,1,226,1,0
52,47,2009,1,207,1,0
52,0,2009,1,4,1,0
52,0,2009,1,155,1,0
52,0,2009,1,12,1,0
52,47,2009,1,212,1,0
52,0,2009,1,81,1,0
52,0,2009,1,166,1,0
52,0,2009,1,153,1,0
52,0,2009,1,73,1,0
52,0,2009,1,200,1,0
52,0,2009,1,124,1,0
52,0,2009,1,16,1,0
52,0,2009,1,77,1,0
52,0,2009,1,227,1,0
52,0,2009,1,145,1,0
52,0,2009,1,47,1,0
52,0,2009,1,45,1,0
52,0,2009,1,173,1,0
52,0,2009,1,149,1,0
52,47,2009,1,79,1,0
52,47,2009,1,120,1,0
52,0,2009,1,234,1,0
52,0,2009,1,147,1,0
52,47,2009,1,177,2,0
52,47,2009,1,37,1,0
52,0,2009,1,70,1,0
52,0,2009,1,34,2,0
52,0,2009,1,169,1,0
52,47,2009,1,170,1,0
52,0,2009,1,168,1,0
52,47,2009,1,1,1,0
52,0,2009,1,90,1,0
52,0,2009,1,199,1,0
52,0,2009,1,62,1,0
52,47,2009,1,180,1,0
52,0,2009,1,152,1,0
52,0,2009,1,20,1,0
52,0,2009,1,87,1,0
52,0,2009,1,163,1,0
52,0,2009,1,178,1,0
52,0,2009,1,181,1,0
52,0,2009,1,10,1,0
52,0,2009,1,30,1,0
52,0,2009,1,28,1,0
52,47,2009,1,48,1,0
52,0,2009,1,140,1,0
52,0,2009,1,117,1,0
52,0,2009,1,60,1,0
52,47,2009,1,38,1,0
52,0,2009,1,190,1,0
52,0,2009,1,6,1,0
52,50,2009,1,76,1,0
52,0,2009,1,14,1,0
52,50,2009,1,104,6,0
52,0,2009,1,139,1,0
52,50,2009,1,118,1,0
52,50,2009,1,116,1,0
52,0,2009,1,11,1,0
52,0,2009,1,57,1,0
52,50,2009,1,236,1,0
52,0,2009,1,95,1,0
52,0,2009,1,237,1,0
52,0,2009,1,184,1,0
52,50,2009,1,196,1,0
52,50,2009,1,192,1,0
52,50,2009,1,148,1,0
52,0,2009,1,15,1,0
52,50,2009,1,55,1,0
52,0,2009,1,26,1,0
52,50,2009,1,189,1,0
52,0,2009,1,63,1,0
52,0,2009,1,39,1,0
52,0,2009,1,231,1,0
52,50,2009,1,111,1,0
52,50,2009,1,191,1,0
52,0,2009,1,40,1,0
52,0,2009,1,66,1,0
52,0,2009,1,72,1,0
52,0,2009,1,94,1,0
52,50,2009,1,121,2,0
52,0,2009,1,203,1,0
52,50,2009,1,82,1,0
52,50,2009,1,54,1,0
52,0,2009,1,195,1,0
52,0,2009,1,58,1,0
52,0,2009,1,75,1,0
52,0,2009,1,128,1,0
52,0,2009,1,100,1,0
52,0,2009,1,143,1,0
52,50,2009,1,133,1,0
52,0,2009,1,119,1,0
52,0,2009,1,0,1,0
52,0,2009,1,88,1,0
52,50,2009,1,126,1,0
52,0,2009,1,99,1,0
52,0,2009,1,217,1,0
52,0,2009,1,23,1,0
52,0,2009,1,132,1,0
52,0,2009,1,61,1,0
52,0,2009,1,53,1,0
52,50,2009,1,206,1,0
52,0,2009,1,239,1,0
52,0,2009,1,220,1,0
52,0,2009,1,162,1,0
52,50,2009,1,52,1,0
52,0,2009,1,136,1,0
52,0,2009,1,80,1,0
52,0,2009,1,106,1,0
52,50,2009,1,188,1,0
52,0,2009,1,229,1,0
52,0,2009,1,96,1,0
52,50,2009,1,144,1,0
52,0,2009,1,146,1,0
52,50,2009,1,167,1,0
52,50,2009,1,44,1,0
52,0,2009,1,171,1,0
52,50,2009,1,176,1,0
52,0,2009,1,228,1,0
52,50,2009,1,122,1,0
52,0,2009,1,46,1,0
52,0,2009,1,102,1,0
52,50,2009,1,29,1,0
52,50,2009,1,36,1,0
52,0,2009,1,3,1,0
52,0,2009,1,84,1,0
52,0,2009,1,172,1,0
52,0,2009,1,157,1,0
52,0,2009,1,226,1,0
52,50,2009,1,207,1,0
52,0,2009,1,4,1,0
52,0,2009,1,155,1,0
52,0,2009,1,12,1,0
52,50,2009,1,212,1,0
52,0,2009,1,81,1,0
52,0,2009,1,166,1,0
52,0,2009,1,153,1,0
52,0,2009,1,73,1,0
52,0,2009,1,200,1,0
52,0,2009,1,124,1,0
52,0,2009,1,16,1,0
52,0,2009,1,77,1,0
52,0,2009,1,227,1,0
52,0,2009,1,145,1,0
52,0,2009,1,47,1,0
52,0,2009,1,45,1,0
52,0,2009,1,27,1,0
52,0,2009,1,173,1,0
52,0,2009,1,149,1,0
52,50,2009,1,79,1,0
52,50,2009,1,120,1,0
52,0,2009,1,234,1,0
52,0,2009,1,147,1,0
52,50,2009,1,177,2,0
52,50,2009,1,37,1,0
52,0,2009,1,70,1,0
52,0,2009,1,34,2,0
52,0,2009,1,169,1,0
52,50,2009,1,170,1,0
52,0,2009,1,168,1,0
52,50,2009,1,1,1,0
52,0,2009,1,90,1,0
52,0,2009,1,199,1,0
52,0,2009,1,62,1,0
52,50,2009,1,180,1,0
52,0,2009,1,225,1,0
52,0,2009,1,152,1,0
52,0,2009,1,20,1,0
52,0,2009,1,87,1,0
52,0,2009,1,163,1,0
52,0,2009,1,178,1,0
52,0,2009,1,181,1,0
52,0,2009,1,10,1,0
52,0,2009,1,30,1,0
52,0,2009,1,28,1,0
52,50,2009,1,48,1,0
52,0,2009,1,140,1,0
52,0,2009,1,117,1,0
52,0,2009,1,60,1,0
52,50,2009,1,38,1,0
52,0,2009,1,190,1,0
50,31,2009,152,179,1,1
50,31,2009,152,186,1,1
52,0,2009,21,127,2,0
52,0,2009,21,113,1,0
52,50,2009,21,104,3,0
52,0,2009,21,174,1,0
52,0,2009,21,150,1,0
52,0,2009,21,2,1,0
52,50,2009,21,191,1,0
52,0,2009,21,208,1,0
52,50,2009,21,121,1,0
52,0,2009,21,213,1,0
52,71,2009,4,104,14,0
52,0,2009,4,62,1,0
52,0,2009,4,66,1,0
52,71,2009,4,121,1,0
52,71,2009,4,177,1,0
52,71,2009,4,36,1,0
52,71,2009,4,29,1,0
52,75,2009,4,17,1,0
52,0,2009,4,139,1,0
52,71,2009,4,144,1,0
52,71,2009,4,176,1,0
52,71,2009,4,192,1,0
52,71,2009,4,122,1,0
52,71,2009,4,189,1,0
16,0,2009,7,170,2,1
16,2714,2009,7,104,1,1
27,477,2009,1,104,1,0
27,477,2009,1,16,5,0
52,81,2009,1,104,17,1
52,0,2009,1,159,1,1
52,0,2009,1,57,1,1
52,81,2009,1,189,1,1
52,0,2009,1,89,1,0
52,7,2009,1,104,17,0
52,88,2009,1,177,1,0
52,88,2009,1,180,1,0
52,0,2009,1,66,1,0
52,88,2009,1,170,1,0
52,88,2009,1,36,1,0
52,88,2009,1,38,1,0
52,88,2009,1,54,1,0
52,92,2009,1,17,1,0
52,7,2009,1,57,1,0
52,88,2009,1,122,1,0
52,17,2009,1,104,8,1
52,0,2009,1,198,1,1
52,17,2009,1,57,1,1
52,0,2009,1,136,1,1
52,0,2009,1,64,1,1
52,17,2009,1,189,1,1
27,507,2009,1,104,1,0
27,507,2009,1,16,4,0
52,7,2009,1,104,14,0
52,105,2009,1,82,1,0
52,0,2009,1,183,1,0
52,0,2009,1,124,1,0
52,0,2009,1,45,1,0
52,105,2009,1,177,1,0
52,105,2009,1,111,1,0
52,0,2009,1,200,1,0
52,105,2009,1,191,1,0
52,7,2009,1,57,1,0
52,0,2009,1,209,1,0
52,105,2009,1,188,1,0
52,105,2009,1,79,1,0
52,105,2009,1,118,1,0
52,7,2009,1,189,1,0
52,14,2009,1,104,15,0
52,112,2009,1,207,1,0
52,14,2009,1,57,1,0
52,0,2009,1,235,1,0
52,0,2009,1,152,1,0
52,0,2009,1,166,1,0
52,0,2009,1,221,1,0
52,112,2009,1,29,1,0
52,21,2009,1,104,11,0
52,119,2009,1,122,1,0
52,21,2009,1,136,1,0
52,119,2009,1,180,1,0
52,119,2009,1,177,1,0
52,0,2009,1,166,1,0
52,119,2009,1,196,1,0
52,0,2009,1,81,1,0
52,0,2009,1,234,1,0
52,119,2009,1,188,1,0
52,0,2009,1,197,1,0
27,528,2009,1,16,5,0
27,528,2009,1,104,1,0
52,28,2009,1,104,18,0
52,126,2009,1,82,1,0
52,28,2009,1,189,4,0
52,126,2009,1,180,1,0
52,28,2009,1,57,1,0
52,126,2009,1,122,1,0
52,126,2009,1,29,1,0
52,0,2009,1,66,1,0
52,126,2009,1,148,1,0
52,0,2009,1,163,1,0
52,0,2009,1,152,1,0
52,126,2009,1,121,3,0
52,126,2009,1,111,1,0
52,28,2009,1,136,1,0
52,126,2009,1,79,1,0
52,126,2009,1,188,1,0
20,103,2009,43,9,1,1
20,0,2009,43,64,5,1
52,35,2009,1,104,19,0
52,0,2009,1,152,1,0
52,133,2009,1,82,1,0
52,133,2009,1,121,2,0
52,133,2009,1,180,1,0
52,133,2009,1,196,1,0
52,35,2009,1,57,1,0
52,133,2009,1,188,1,0
52,0,2009,1,66,1,0
52,133,2009,1,118,1,0
52,133,2009,1,29,1,0
52,35,2009,1,189,1,0
52,0,2009,1,86,1,0
52,140,2009,1,82,1,0
52,140,2009,1,177,1,0
52,140,2009,1,180,1,0
52,42,2009,1,104,19,0
52,42,2009,1,57,1,0
52,140,2009,1,29,1,0
52,0,2009,1,66,1,0
52,0,2009,1,3,1,0
52,140,2009,1,121,3,0
52,140,2009,1,55,1,0
52,0,2009,1,81,1,0
52,0,2009,1,10,1,0
52,42,2009,1,189,1,0
52,0,2009,1,39,1,0
52,140,2009,1,191,1,0
52,140,2009,1,118,1,0
52,140,2009,1,38,1,0
52,140,2009,1,79,1,0
52,140,2009,1,188,1,0
52,49,2009,1,104,14,1
52,147,2009,1,82,1,1
52,147,2009,1,111,1,1
52,147,2009,1,180,1,1
52,147,2009,1,177,4,1
52,147,2009,1,170,1,1
52,49,2009,1,189,1,1
52,147,2009,1,29,1,1
52,0,2009,1,224,2,0
52,6,2009,1,104,10,0
52,153,2009,1,191,1,0
52,153,2009,1,121,1,0
52,6,2009,1,177,2,0
52,0,2009,1,99,1,0
52,153,2009,1,38,1,0
52,153,2009,1,118,1,0
52,0,2009,1,168,1,0
52,6,2009,1,29,1,0
52,153,2009,1,188,1,0
52,40,2009,54,104,15,0
52,107,2009,54,236,1,0
52,107,2009,54,121,1,0
52,40,2009,54,177,1,0
52,107,2009,54,191,1,0
52,0,2009,54,134,1,0
52,107,2009,54,120,1,0
52,0,2009,54,168,1,0
52,0,2009,54,194,1,0
52,107,2009,54,55,1,0
52,40,2009,54,29,1,0
55,0,2009,149,9,1,1
55,0,2009,149,20,5,1
52,0,2009,1,190,5,0
52,0,2009,1,190,4,1
52,169,2009,1,121,1,1
52,107,2009,61,126,1,1
52,40,2009,61,104,15,1
52,0,2009,61,152,1,1
52,0,2009,61,99,1,1
52,0,2009,61,213,1,1
52,0,2009,61,215,1,1
52,62,2009,61,121,2,1
52,107,2009,61,236,1,1
52,40,2009,61,177,2,1
52,107,2009,61,48,1,1
52,40,2009,61,170,1,1
52,0,2009,61,220,1,1
52,107,2009,61,191,1,1
52,0,2009,61,168,1,1
52,0,2009,61,59,1,1
52,0,2009,61,230,1,1
52,0,2009,61,3,1,1
52,107,2009,61,37,1,1
52,107,2009,61,55,1,1
52,62,2009,61,190,1,1
52,40,2009,61,29,1,1
52,107,2009,61,122,1,1
52,0,2009,61,161,1,1
52,61,2009,68,104,18,1
52,61,2009,68,99,1,1
52,61,2009,68,215,1,1
52,61,2009,68,122,1,1
52,61,2009,68,121,2,1
52,61,2009,68,177,2,1
52,61,2009,68,170,1,1
52,0,2009,68,110,1,1
52,107,2009,68,36,1,1
52,61,2009,68,168,1,1
52,111,2009,68,17,1,1
52,0,2009,68,199,1,1
52,0,2009,68,194,1,1
52,107,2009,68,188,1,1
52,61,2009,68,55,1,1
52,0,2009,68,47,1,1
52,61,2009,68,190,1,1
52,61,2009,68,29,1,1
52,61,2009,68,161,1,1
52,61,2009,68,3,1,1
52,9,2009,1,121,1,0
52,9,2009,1,190,2,0
52,9,2009,1,104,1,0
55,2199,2009,1,104,1,1
55,19,2009,1,20,5,1
55,19,2009,1,9,1,1
55,0,2009,1,216,1,1
52,7,2009,1,104,19,0
52,7,2009,1,99,1,0
52,182,2009,1,116,1,0
52,7,2009,1,215,1,0
52,7,2009,1,121,2,0
52,7,2009,1,177,2,0
52,7,2009,1,170,1,0
52,182,2009,1,148,1,0
52,7,2009,1,17,1,0
52,0,2009,1,56,1,0
52,7,2009,1,194,1,0
52,0,2009,1,74,1,0
52,7,2009,1,188,1,0
52,7,2009,1,55,1,0
52,0,2009,1,178,1,0
52,7,2009,1,161,1,0
52,7,2009,1,3,1,0
27,587,2009,1,16,4,0
27,587,2009,1,104,1,0
52,14,2009,1,104,16,0
52,14,2009,1,215,1,0
52,0,2009,1,97,1,0
52,42,2009,1,180,1,0
52,14,2009,1,177,1,0
52,0,2009,1,96,1,0
52,0,2009,1,19,1,0
52,189,2009,1,207,1,0
52,0,2009,1,166,1,0
52,0,2009,1,134,1,0
52,189,2009,1,176,1,0
52,14,2009,1,47,1,0
52,0,2009,1,202,1,0
52,14,2009,1,3,1,0
27,597,2009,1,16,3,0
27,597,2009,1,104,1,0
20,367,2009,61,104,2,1
20,388,2009,61,115,9,1
20,6,2009,61,9,2,1
20,487,2009,61,57,2,1
20,0,2009,61,177,1,1
20,0,2009,61,236,1,1
52,21,2009,1,104,16,0
52,28,2009,1,126,1,0
52,0,2009,1,26,1,0
52,21,2009,1,121,2,0
52,21,2009,1,177,1,0
52,0,2009,1,200,1,0
52,21,2009,1,168,1,0
52,196,2009,1,207,1,0
52,0,2009,1,134,1,0
52,0,2009,1,53,1,0
52,196,2009,1,192,1,0
52,0,2009,1,226,1,0
52,21,2009,1,161,1,0
52,0,2009,1,77,1,0
52,0,2009,1,67,1,0
52,35,2009,1,126,1,0
52,28,2009,1,104,16,0
52,0,2009,1,172,1,0
52,203,2009,1,192,2,0
52,28,2009,1,215,1,0
52,0,2009,1,97,1,0
52,0,2009,1,241,1,0
52,0,2009,1,26,1,0
52,56,2009,1,180,1,0
52,28,2009,1,177,1,0
52,28,2009,1,170,1,0
52,35,2009,1,220,1,0
52,28,2009,1,168,1,0
52,28,2009,1,17,1,0
52,203,2009,1,196,1,0
52,105,2009,1,57,1,0
52,203,2009,1,120,1,0
52,0,2009,1,218,1,0
52,0,2009,1,139,1,0
52,0,2009,1,56,1,0
52,0,2009,1,70,1,0
52,203,2009,1,144,1,0
52,28,2009,1,190,1,0
52,28,2009,1,122,1,0
52,28,2009,1,3,1,0
27,901,2009,10,106,4,0
52,35,2009,1,104,16,0
52,35,2009,1,215,1,0
52,210,2009,1,133,1,0
52,0,2009,1,241,1,0
52,0,2009,1,26,1,0
52,35,2009,1,177,1,0
52,35,2009,1,168,1,0
52,0,2009,1,56,1,0
52,35,2009,1,188,1,0
52,35,2009,1,122,1,0
52,0,2009,1,93,1,0
27,1598,2009,1,152,5,0
27,625,2009,1,16,4,0
52,42,2009,1,104,17,0
52,42,2009,1,215,1,0
52,49,2009,1,191,1,0
52,0,2009,1,10,1,0
52,0,2009,1,97,1,0
52,42,2009,1,177,1,0
52,0,2009,1,96,1,0
52,0,2009,1,181,1,0
52,49,2009,1,220,1,0
52,42,2009,1,168,1,0
52,217,2009,1,207,1,0
52,217,2009,1,120,1,0
52,0,2009,1,139,1,0
52,0,2009,1,56,1,0
52,42,2009,1,188,1,0
52,0,2009,1,16,1,0
52,42,2009,1,55,1,0
52,0,2009,1,217,1,0
52,42,2009,1,190,1,0
52,42,2009,1,122,1,0
52,42,2009,1,3,1,0
52,49,2009,1,104,28,0
52,49,2009,1,215,1,0
52,49,2009,1,170,1,0
52,0,2009,1,98,1,0
52,0,2009,1,19,1,0
52,49,2009,1,168,1,0
52,49,2009,1,17,1,0
52,0,2009,1,147,1,0
52,0,2009,1,16,1,0
52,49,2009,1,47,1,0
52,49,2009,1,190,1,0
52,49,2009,1,122,1,0
52,49,2009,1,161,1,0
52,49,2009,1,3,1,0
52,63,2010,1,126,1,0
52,63,2010,1,152,1,0
52,56,2010,1,104,26,0
52,56,2010,1,170,2,0
52,56,2010,1,215,1,0
52,231,2010,1,133,1,0
52,0,2010,1,97,1,0
52,0,2010,1,241,1,0
52,84,2010,1,180,1,0
52,56,2010,1,177,1,0
52,0,2010,1,106,1,0
52,0,2010,1,84,1,0
52,0,2010,1,200,1,0
52,56,2010,1,17,1,0
52,231,2010,1,206,1,0
52,0,2010,1,63,1,0
52,0,2010,1,139,1,0
52,0,2010,1,73,1,0
52,0,2010,1,98,1,0
52,0,2010,1,74,1,0
52,0,2010,1,16,1,0
52,231,2010,1,79,1,0
52,231,2010,1,76,1,0
52,56,2010,1,29,1,0
52,56,2010,1,122,1,0
52,56,2010,1,3,1,0
20,431,2009,87,216,9,1
20,70,2009,87,9,2,1
20,343,2010,1,31,6,1
20,264,2010,1,196,1,1
20,34,2010,1,9,1,1
20,34,2010,1,216,2,1
52,63,2010,1,104,23,0
52,63,2010,1,170,2,0
52,63,2010,1,215,1,0
52,238,2010,1,133,1,0
52,91,2010,1,180,1,0
52,63,2010,1,177,1,0
52,63,2010,1,17,1,0
52,238,2010,1,196,1,0
52,0,2010,1,73,1,0
52,238,2010,1,144,1,0
52,0,2010,1,16,1,0
52,0,2010,1,92,1,0
52,63,2010,1,47,1,0
52,63,2010,1,29,1,0
52,63,2010,1,122,1,0
52,63,2010,1,3,1,0
52,0,2009,108,25,1,0
52,38,2009,108,104,22,0
52,38,2009,108,122,2,0
52,38,2009,108,170,2,0
52,38,2009,108,215,1,0
52,10,2009,108,180,1,0
52,0,2009,108,200,1,0
52,38,2009,108,17,1,0
52,0,2009,108,134,1,0
52,0,2009,108,102,1,0
52,0,2009,108,16,1,0
52,38,2009,108,47,1,0
27,643,2010,15,104,1,0
27,643,2010,15,16,4,0
52,77,2010,1,104,26,1
52,77,2010,1,122,2,1
52,77,2010,1,170,2,1
52,77,2010,1,3,2,1
52,0,2010,1,81,1,1
52,105,2010,1,180,1,1
52,77,2010,1,177,1,1
52,0,2010,1,106,1,1
52,77,2010,1,168,1,1
52,0,2010,1,234,1,1
52,252,2010,1,144,1,1
52,0,2010,1,186,1,1
52,0,2010,1,16,1,1
52,252,2010,1,79,1,1
52,105,2010,1,189,1,1
52,54,2009,61,104,23,0
52,54,2009,61,122,2,0
52,54,2009,61,170,2,0
52,23,2009,61,215,1,0
52,0,2009,61,226,1,0
52,54,2009,61,180,1,0
52,0,2009,61,200,1,0
52,54,2009,61,168,1,0
52,23,2009,61,17,1,0
52,0,2009,61,78,1,0
52,0,2009,61,73,1,0
52,54,2009,61,144,1,0
52,0,2009,61,138,1,0
52,54,2009,61,16,1,0
52,54,2009,61,79,1,0
52,54,2009,61,177,1,0
27,664,2010,7,104,1,0
27,664,2010,7,16,5,0
27,668,2010,6,16,3,0
52,14,2010,1,104,23,0
52,14,2010,1,122,2,0
52,14,2010,1,170,2,0
52,14,2010,1,180,1,0
52,14,2010,1,168,1,0
52,266,2010,1,44,1,0
52,0,2010,1,9,1,0
52,0,2010,1,73,1,0
52,14,2010,1,144,1,0
52,14,2010,1,177,1,0
52,14,2010,1,16,1,0
52,14,2010,1,79,1,0
27,888,2010,1,45,4,0
27,664,2010,16,104,1,0
27,664,2010,16,16,6,0
52,0,2010,1,134,1,0
52,21,2010,1,144,1,0
52,21,2010,1,104,26,0
52,21,2010,1,177,1,0
52,21,2010,1,3,1,0
52,21,2010,1,170,2,0
52,21,2010,1,168,1,0
52,21,2010,1,180,1,0
52,0,2010,1,226,1,0
52,0,2010,1,217,1,0
52,0,2010,1,77,1,0
52,0,2010,1,39,1,0
52,0,2010,1,45,1,0
52,21,2010,1,79,1,0
20,23,2009,139,64,5,1
20,95,2009,139,9,1,1
52,357,2009,385,104,29,0
52,357,2009,385,170,2,0
52,280,2009,385,215,1,0
52,0,2009,385,124,1,0
52,357,2009,385,180,1,0
52,0,2009,385,179,1,0
52,357,2009,385,168,1,0
52,280,2009,385,17,1,0
52,0,2009,385,134,1,0
52,357,2009,385,144,1,0
52,357,2009,385,177,1,0
52,357,2009,385,79,1,0
52,357,2009,385,122,1,0
52,280,2009,385,161,1,0
27,678,2010,17,104,1,0
27,678,2010,17,16,9,0
27,971,2010,1,106,9,1
52,35,2010,1,104,26,0
52,0,2010,1,134,1,0
52,140,2010,1,82,1,0
52,35,2010,1,144,1,0
52,35,2010,1,122,1,0
52,112,2010,1,29,1,0
52,35,2010,1,177,1,0
52,35,2010,1,170,2,0
52,287,2010,1,148,1,0
52,112,2010,1,161,1,0
52,112,2010,1,17,1,0
52,35,2010,1,189,1,0
52,0,2010,1,39,1,0
52,35,2010,1,79,1,0
52,0,2010,1,13,1,0
52,0,2010,1,67,1,0
27,695,2010,10,104,1,0
27,695,2010,10,16,6,0
52,23,2010,1,104,25,1
52,0,2010,1,171,1,1
52,23,2010,1,170,2,1
52,54,2010,1,215,1,1
52,23,2010,1,180,1,1
52,61,2010,1,48,1,1
52,0,2010,1,83,1,1
52,82,2010,1,111,1,1
52,0,2010,1,147,1,1
52,23,2010,1,177,3,1
52,23,2010,1,168,1,1
52,23,2010,1,234,1,1
52,0,2010,1,9,1,1
52,23,2010,1,144,1,1
52,0,2010,1,53,1,1
52,0,2010,1,23,1,1
52,23,2010,1,79,1,1
52,23,2010,1,122,1,1
52,54,2010,1,161,1,1
27,36,2010,2,106,3,0
27,701,2010,2,104,1,0
52,31,2010,1,104,27,1
52,31,2010,1,234,1,1
52,31,2010,1,180,2,1
52,0,2010,1,232,1,1
52,31,2010,1,171,1,1
52,31,2010,1,177,1,1
52,31,2010,1,170,1,1
52,31,2010,1,168,1,1
52,31,2010,1,83,1,1
52,31,2010,1,161,1,1
52,31,2010,1,215,1,1
52,31,2010,1,53,1,1
52,8,2010,1,186,1,1
52,0,2010,1,39,1,1
52,260,2010,1,44,1,1
52,31,2010,1,48,1,1
52,31,2010,1,111,1,1
52,92,2010,1,220,1,1
52,85,2010,1,17,1,1
52,31,2010,1,79,1,1
52,0,2010,1,67,1,1
52,0,2010,28,104,29,0
52,0,2010,28,170,2,0
52,0,2010,28,215,1,0
52,0,2010,28,180,1,0
52,0,2010,28,83,1,0
52,0,2010,28,111,1,0
52,0,2010,28,200,1,0
52,0,2010,28,168,1,0
52,0,2010,28,17,1,0
52,260,2010,28,206,1,0
52,0,2010,28,234,1,0
52,31,2010,28,9,1,0
52,31,2010,28,144,1,0
52,260,2010,28,176,1,0
52,0,2010,28,232,1,0
52,0,2010,28,177,1,0
52,0,2010,28,79,1,0
52,85,2010,28,29,1,0
52,260,2010,28,212,1,0
52,31,2010,28,122,1,0
52,260,2010,28,1,1,0
27,713,2010,1,104,1,0
27,48,2010,1,106,6,0
27,714,2010,10,104,1,0
27,714,2010,10,16,5,0
3,709,2010,2,104,2,1
3,1170,2010,2,57,7,1
3,1152,2010,2,177,1,1
3,1061,2010,2,87,1,1
67,694,2010,83,138,8,0
67,448,2010,83,104,2,0
52,0,2010,1,104,31,1
52,0,2010,1,234,1,1
52,31,2010,1,147,1,1
52,31,2010,1,144,1,1
52,0,2010,1,177,2,1
52,0,2010,1,180,2,1
52,0,2010,1,42,1,1
52,260,2010,1,176,1,1
52,31,2010,1,122,1,1
52,85,2010,1,29,1,1
52,0,2010,1,170,1,1
52,0,2010,1,168,1,1
52,260,2010,1,1,1,1
52,0,2010,1,83,1,1
52,0,2010,1,215,1,1
52,0,2010,1,17,1,1
52,8,2010,1,189,1,1
52,0,2010,1,39,1,1
52,0,2010,1,48,1,1
52,0,2010,1,45,1,1
52,0,2010,1,111,1,1
52,0,2010,1,70,1,1
52,0,2010,1,40,1,1
52,162,2010,1,136,1,1
52,0,2010,1,79,1,1
52,28,2010,1,104,33,0
52,28,2010,1,136,1,0
52,28,2010,1,42,1,0
52,28,2010,1,215,1,0
52,28,2010,1,45,1,0
52,28,2010,1,180,1,0
52,28,2010,1,170,1,0
52,28,2010,1,83,1,0
52,28,2010,1,111,1,0
52,28,2010,1,177,2,0
52,28,2010,1,234,1,0
52,59,2010,1,9,1,0
52,28,2010,1,232,1,0
52,28,2010,1,17,1,0
52,28,2010,1,79,1,0
52,28,2010,1,29,1,0
52,190,2010,1,64,1,0
52,0,2010,1,66,1,0
52,28,2010,1,1,1,0
27,727,2010,1,104,1,0
27,727,2010,1,16,4,0
52,0,2010,1,224,2,1
52,34,2010,1,104,30,1
52,147,2010,1,82,1,1
52,34,2010,1,1,4,1
52,34,2010,1,42,1,1
52,34,2010,1,215,1,1
52,0,2010,1,31,1,1
52,34,2010,1,83,2,1
52,34,2010,1,45,1,1
52,34,2010,1,180,1,1
52,34,2010,1,170,1,1
52,294,2010,1,148,1,1
52,34,2010,1,111,1,1
52,0,2010,1,179,1,1
52,34,2010,1,168,1,1
52,196,2010,1,57,1,1
52,65,2010,1,9,1,1
52,34,2010,1,144,1,1
52,34,2010,1,177,2,1
52,34,2010,1,232,1,1
52,0,2010,1,204,1,1
52,0,2010,1,163,1,1
52,34,2010,1,79,1,1
52,294,2010,1,118,1,1
52,34,2010,1,29,2,1
52,0,2010,1,75,1,1
52,34,2010,1,189,1,1
27,68,2010,3,106,5,0
52,40,2010,1,104,28,0
52,40,2010,1,82,1,0
52,0,2010,1,221,1,0
52,40,2010,1,215,1,0
52,40,2010,1,170,2,0
52,40,2010,1,45,1,0
52,40,2010,1,180,1,0
52,40,2010,1,83,1,0
52,40,2010,1,163,2,0
52,40,2010,1,179,1,0
52,0,2010,1,87,1,0
52,0,2010,1,66,2,0
52,40,2010,1,177,2,0
52,40,2010,1,189,1,0
52,74,2010,1,44,1,0
52,74,2010,1,234,1,0
52,40,2010,1,9,1,0
52,40,2010,1,144,1,0
52,40,2010,1,232,1,0
52,40,2010,1,79,1,0
52,40,2010,1,29,1,0
52,236,2010,1,64,1,0
52,40,2010,1,1,1,0
50,0,2010,1,86,2,1
50,0,2010,1,74,2,1
50,0,2010,1,241,1,1
50,430,2010,1,104,2,1
50,0,2010,1,141,1,1
50,0,2010,1,192,1,1
50,0,2010,1,133,1,1
50,4008,2010,1,161,1,1
50,0,2010,1,55,1,1
50,110,2010,90,86,4,1
52,40,2010,1,104,30,0
52,40,2010,1,180,3,0
52,40,2010,1,215,1,0
52,334,2010,1,212,1,0
52,40,2010,1,170,2,0
52,40,2010,1,118,2,0
52,74,2010,1,234,2,0
52,40,2010,1,148,2,0
52,74,2010,1,147,1,0
52,40,2010,1,168,1,0
52,74,2010,1,44,1,0
52,0,2010,1,56,1,0
52,40,2010,1,144,1,0
52,40,2010,1,232,1,0
52,40,2010,1,83,1,0
52,40,2010,1,177,1,0
52,40,2010,1,163,1,0
52,40,2010,1,79,1,0
52,236,2010,1,64,1,0
52,40,2010,1,189,1,0
52,40,2010,1,1,1,0
27,1716,2010,3,152,4,0
3,0,2010,47,126,1,1
3,12,2010,47,57,6,1
3,0,2010,47,98,1,1
3,12,2010,47,104,1,1
3,12,2010,47,177,1,1
27,972,2010,9,45,7,0
52,6,2010,61,104,24,1
52,28,2010,61,136,1,1
52,6,2010,61,42,1,1
52,0,2010,61,10,1,1
52,6,2010,61,170,2,1
52,6,2010,61,180,1,1
52,6,2010,61,83,1,1
52,6,2010,61,148,1,1
52,6,2010,61,168,1,1
52,113,2010,61,121,1,1
52,28,2010,61,44,1,1
52,28,2010,61,234,1,1
52,120,2010,61,230,1,1
52,0,2010,61,56,1,1
52,6,2010,61,144,1,1
52,6,2010,61,232,1,1
52,6,2010,61,177,1,1
52,6,2010,61,163,1,1
52,6,2010,61,118,1,1
52,6,2010,61,79,1,1
52,190,2010,61,64,1,1
52,0,2010,61,66,1,1
52,6,2010,61,1,1,1
3,7,2010,1,126,1,0
3,7,2010,1,104,3,0
3,7,2010,1,57,4,0
3,7,2010,1,98,1,0
3,7,2010,1,177,1,0
52,89,2010,89,104,17,0
52,89,2010,89,66,1,0
52,89,2010,89,234,2,0
52,0,2010,89,77,1,0
52,89,2010,89,180,1,0
52,34,2010,89,45,1,0
52,89,2010,89,170,1,0
52,0,2010,89,155,1,0
52,89,2010,89,168,1,0
52,0,2010,89,17,1,0
52,34,2010,89,9,1,0
52,0,2010,89,176,1,0
52,89,2010,89,232,1,0
52,89,2010,89,177,1,0
52,89,2010,89,163,1,0
52,89,2010,89,118,1,0
52,89,2010,89,79,1,0
52,89,2010,89,64,1,0
52,89,2010,89,1,1,0
52,89,2010,89,104,19,0
52,92,2010,89,152,1,0
52,34,2010,89,82,1,0
52,0,2010,89,221,1,0
52,0,2010,89,171,1,0
52,260,2010,89,116,1,0
52,89,2010,89,136,1,0
52,89,2010,89,66,1,0
52,89,2010,89,234,2,0
52,89,2010,89,180,1,0
52,0,2010,89,117,1,0
52,89,2010,89,170,1,0
52,89,2010,89,83,1,0
52,34,2010,89,111,1,0
52,0,2010,89,155,1,0
52,34,2010,89,189,1,0
52,89,2010,89,44,1,0
52,89,2010,89,144,1,0
52,89,2010,89,232,1,0
52,89,2010,89,177,1,0
52,31,2010,89,23,1,0
52,89,2010,89,163,1,0
52,89,2010,89,118,1,0
52,89,2010,89,79,1,0
52,34,2010,89,29,1,0
52,260,2010,89,212,1,0
52,89,2010,89,1,1,0
20,23,2010,1,9,1,1
20,23,2010,1,64,7,1
20,0,2010,1,186,1,1
20,72,2010,1,104,1,1
52,30,2010,1,104,16,0
52,25,2010,1,82,1,0
52,319,2010,1,116,1,0
52,144,2010,1,36,1,0
52,30,2010,1,136,1,0
52,30,2010,1,180,1,0
52,30,2010,1,83,1,0
52,30,2010,1,148,1,0
52,30,2010,1,163,2,0
52,25,2010,1,111,1,0
52,319,2010,1,54,1,0
52,0,2010,1,61,1,0
52,25,2010,1,189,1,0
52,25,2010,1,57,1,0
52,30,2010,1,234,1,0
52,30,2010,1,232,1,0
52,30,2010,1,177,1,0
52,30,2010,1,118,1,0
52,30,2010,1,64,1,0
52,30,2010,1,66,1,0
52,30,2010,1,1,1,0
52,0,2010,1,104,18,0
52,55,2010,1,82,1,0
52,0,2010,1,42,1,0
52,0,2010,1,180,1,0
52,174,2010,1,36,1,0
52,0,2010,1,62,1,0
52,349,2010,1,54,1,0
52,0,2010,1,87,1,0
52,55,2010,1,189,1,0
52,55,2010,1,57,1,0
52,0,2010,1,234,1,0
52,0,2010,1,232,1,0
52,0,2010,1,177,1,0
52,0,2010,1,163,1,0
52,0,2010,1,118,1,0
52,0,2010,1,79,1,0
52,0,2010,1,66,1,0
52,0,2010,1,1,1,0
27,1391,2010,11,170,2,0
27,1391,2010,11,17,1,0
27,780,2010,11,104,2,0
52,55,2010,1,82,1,0
52,0,2010,1,104,15,0
52,0,2010,1,136,1,0
52,0,2010,1,42,1,0
52,0,2010,1,66,1,0
52,174,2010,1,36,1,0
52,0,2010,1,163,2,0
52,55,2010,1,111,1,0
52,0,2010,1,61,1,0
52,349,2010,1,54,1,0
52,0,2010,1,87,1,0
52,55,2010,1,189,1,0
52,0,2010,1,166,1,0
52,55,2010,1,57,1,0
52,0,2010,1,234,1,0
52,0,2010,1,232,1,0
52,0,2010,1,177,1,0
52,0,2010,1,118,1,0
52,0,2010,1,1,1,0
52,89,2010,120,104,16,1
52,34,2010,120,82,1,1
52,89,2010,120,234,1,1
52,89,2010,120,118,1,1
52,260,2010,120,116,1,1
52,260,2010,120,54,1,1
52,89,2010,120,180,2,1
52,89,2010,120,232,1,1
52,34,2010,120,57,1,1
52,89,2010,120,42,1,1
52,89,2010,120,177,1,1
52,85,2010,120,36,1,1
52,89,2010,120,1,1,1
52,89,2010,120,163,2,1
52,0,2010,120,61,1,1
52,0,2010,120,87,1,1
52,0,2010,120,154,1,1
52,0,2010,120,166,1,1
52,34,2010,120,189,1,1
52,89,2010,120,66,1,1
52,89,2010,120,136,1,1
52,86,2010,86,104,19,0
52,86,2010,86,82,1,0
52,86,2010,86,116,1,0
52,86,2010,86,136,1,0
52,86,2010,86,66,1,0
52,86,2010,86,180,2,0
52,55,2010,86,170,1,0
52,86,2010,86,36,1,0
52,86,2010,86,163,2,0
52,294,2010,86,38,1,0
52,86,2010,86,166,1,0
52,34,2010,86,17,1,0
52,86,2010,86,57,1,0
52,86,2010,86,234,1,0
52,86,2010,86,87,1,0
52,86,2010,86,232,1,0
52,86,2010,86,177,1,0
52,55,2010,86,79,1,0
52,86,2010,86,118,1,0
52,34,2010,86,122,1,0
52,55,2010,86,64,1,0
52,86,2010,86,189,1,0
52,86,2010,86,1,1,0
67,2426,2010,1,240,5,1
67,2426,2010,1,130,2,1
67,870,2010,1,230,3,1
52,86,2010,86,104,17,0
52,86,2010,86,82,2,0
52,86,2010,86,136,1,0
52,86,2010,86,180,2,0
52,55,2010,86,170,1,0
52,86,2010,86,36,1,0
52,86,2010,86,163,2,0
52,294,2010,86,38,1,0
52,86,2010,86,189,2,0
52,86,2010,86,166,1,0
52,34,2010,86,17,1,0
52,86,2010,86,57,1,0
52,86,2010,86,234,1,0
52,86,2010,86,87,1,0
52,55,2010,86,144,1,0
52,86,2010,86,232,1,0
52,86,2010,86,177,1,0
52,65,2010,86,23,1,0
52,86,2010,86,118,1,0
52,294,2010,86,212,1,0
52,34,2010,86,122,1,0
52,55,2010,86,64,1,0
52,86,2010,86,66,1,0
52,86,2010,86,1,1,0
67,10,2010,1,130,2,1
67,10,2010,1,240,2,1
67,10,2010,1,230,1,1
27,1008,2010,7,45,4,0
67,1445,2010,1,179,3,1
67,504,2010,1,104,2,1
67,750,2010,1,186,8,1
52,86,2010,116,104,28,0
52,86,2010,116,82,1,0
52,86,2010,116,1,2,0
52,86,2010,116,116,1,0
52,86,2010,116,180,2,0
52,86,2010,116,66,2,0
52,55,2010,116,170,1,0
52,86,2010,116,36,1,0
52,86,2010,116,87,1,0
52,86,2010,116,189,1,0
52,34,2010,116,17,1,0
52,86,2010,116,57,1,0
52,55,2010,116,144,1,0
52,86,2010,116,232,1,0
52,86,2010,116,177,1,0
52,65,2010,116,23,1,0
52,86,2010,116,163,1,0
52,294,2010,116,212,1,0
52,55,2010,116,64,1,0
52,86,2010,116,104,18,0
52,86,2010,116,82,1,0
52,86,2010,116,1,2,0
52,86,2010,116,116,1,0
52,86,2010,116,66,1,0
52,86,2010,116,180,3,0
52,55,2010,116,170,1,0
52,86,2010,116,36,1,0
52,86,2010,116,54,2,0
52,86,2010,116,87,1,0
52,34,2010,116,17,1,0
52,86,2010,116,57,1,0
52,86,2010,116,232,1,0
52,86,2010,116,177,1,0
52,65,2010,116,23,1,0
52,86,2010,116,163,1,0
52,86,2010,116,189,2,0
52,55,2010,116,79,1,0
52,86,2010,116,118,1,0
52,294,2010,116,212,1,0
52,55,2010,116,64,1,0
50,1003,2010,87,221,7,1
50,2,2010,87,104,1,1
20,66,2010,106,196,1,1
20,344,2010,106,240,1,1
20,344,2010,106,230,4,1
20,45,2010,106,9,1,1
27,1030,2010,8,45,4,0
52,86,2010,77,104,17,0
52,86,2010,77,82,1,0
52,126,2010,77,152,2,0
52,86,2010,77,180,2,0
52,86,2010,77,36,1,0
52,86,2010,77,54,1,0
52,86,2010,77,189,1,0
52,86,2010,77,57,1,0
52,86,2010,77,232,1,0
52,86,2010,77,177,1,0
52,65,2010,77,23,1,0
52,86,2010,77,163,1,0
52,294,2010,77,212,1,0
52,86,2010,77,66,1,0
50,72,2010,37,86,3,1
50,52,2010,37,241,1,1
50,52,2010,37,192,1,1
27,839,2010,1,104,1,0
27,839,2010,1,16,4,0
52,86,2010,116,82,1,0
52,86,2010,116,104,17,0
52,86,2010,116,136,1,0
52,86,2010,116,180,4,0
52,86,2010,116,66,1,0
52,86,2010,116,189,2,0
52,86,2010,116,36,1,0
52,86,2010,116,163,2,0
52,294,2010,116,38,1,0
52,86,2010,116,87,1,0
52,86,2010,116,54,1,0
52,86,2010,116,57,1,0
52,86,2010,116,234,1,0
52,86,2010,116,232,1,0
52,86,2010,116,177,1,0
52,65,2010,116,23,1,0
52,294,2010,116,212,1,0
52,55,2010,116,64,1,0
52,86,2010,116,1,1,0
27,1046,2010,5,45,4,0
52,30,2010,1,104,19,1
52,30,2010,1,82,1,1
52,150,2010,1,171,1,1
52,30,2010,1,180,5,1
52,30,2010,1,36,1,1
52,410,2010,1,212,1,1
52,410,2010,1,38,1,1
52,30,2010,1,54,1,1
52,30,2010,1,87,1,1
52,30,2010,1,189,1,1
52,30,2010,1,57,1,1
52,30,2010,1,232,1,1
52,30,2010,1,177,1,1
52,235,2010,1,47,1,1
52,30,2010,1,154,1,1
52,61,2010,1,64,1,1
52,30,2010,1,66,1,1
52,158,2010,1,3,1,1
16,0,2010,1,148,3,1
27,851,2010,1,104,1,0
27,851,2010,1,16,4,0
52,0,2010,1,104,13,0
52,0,2010,1,82,1,0
52,0,2010,1,180,5,0
52,0,2010,1,66,1,0
52,0,2010,1,36,1,0
52,0,2010,1,57,1,0
52,0,2010,1,232,1,0
52,0,2010,1,177,1,0
52,31,2010,1,104,11,1
52,31,2010,1,180,4,1
52,31,2010,1,82,1,1
52,31,2010,1,177,1,1
52,31,2010,1,66,1,1
52,31,2010,1,57,1,1
52,31,2010,1,36,1,1
52,0,2010,1,180,6,0
52,0,2010,1,82,2,0
52,0,2010,1,104,12,0
52,0,2010,1,177,1,0
52,31,2010,1,189,1,0
27,866,2010,9,104,1,0
27,866,2010,9,16,3,0
50,44,2010,1,221,7,1
50,1134,2010,1,230,1,1
50,44,2010,1,104,1,1
52,9,2010,1,104,2,0
20,87,2010,1,9,5,1
20,0,2010,1,131,1,1
39,2903,2010,92,186,3,1
39,554,2010,92,57,3,1
39,476,2010,92,104,4,1
39,2329,2010,92,177,2,1
39,1748,2010,92,179,2,1
39,2223,2010,92,64,2,1
39,1748,2010,92,115,1,1
27,1091,2010,32,45,4,0
65,4639,2010,1,104,1,0
65,2778,2010,1,230,1,0
39,4443,2010,12,13,4,1
39,5461,2010,1,213,9,1
39,0,2010,1,155,1,1
39,2,2010,1,213,6,1
39,24,2010,1,104,3,1
39,2,2010,1,155,1,1
39,7,2010,1,213,7,1
39,7,2010,1,104,2,1
50,0,2010,1,240,4,1
50,0,2010,1,83,1,1
50,486,2010,1,186,1,1
50,30,2010,1,221,1,1
50,30,2010,1,104,2,1
50,30,2010,1,230,2,1
50,323,2009,1,240,6,1
50,323,2009,1,221,2,1
50,323,2009,1,83,1,1
50,323,2009,1,186,1,1
50,323,2009,1,104,2,1
50,323,2009,1,230,2,1
50,0,2010,133,144,1,1
50,17,2010,133,86,1,1
50,72,2010,133,74,1,1
50,0,2010,133,163,1,1
50,0,2010,133,168,3,1
50,232,2010,133,104,1,1
50,0,2010,133,17,1,1
50,0,2010,133,56,2,1
50,0,2010,133,215,1,1
50,0,2010,133,214,1,1
39,11,2010,2,213,10,1
39,11,2010,2,104,1,1
39,18,2010,2,155,1,1
27,1554,2010,12,17,2,0
27,1554,2010,12,170,3,0
27,943,2010,12,104,4,0
39,3,2010,5,213,7,1
39,3,2010,5,104,1,1
39,0,2010,5,139,1,1
39,3,2010,5,155,1,1
27,969,2010,3,16,3,0
27,969,2010,3,104,1,0
27,1181,2010,8,45,3,0
27,983,2010,1,104,2,0
27,983,2010,1,16,6,0
27,990,2010,11,104,2,0
27,990,2010,11,16,6,0
27,1007,2011,3,104,1,0
27,1007,2011,3,16,3,0
20,0,2010,83,11,8,1
27,1014,2011,1,16,3,0
27,1014,2011,1,104,1,0
20,105,2011,12,9,1,1
20,364,2011,12,216,10,1
20,12,2011,14,9,1,1
20,12,2011,14,216,8,1
27,1022,2011,1,16,3,0
27,1022,2011,1,104,1,0
27,2007,2011,5,152,4,0
27,2014,2011,7,152,7,0
27,1020,2011,29,104,1,0
27,1020,2011,29,16,5,0
27,1262,2011,5,45,3,0
27,1043,2011,10,104,1,0
27,1043,2011,10,16,4,0
67,1056,2011,64,138,5,0
67,306,2011,64,104,3,0
67,1056,2011,64,91,1,0
27,1057,2011,7,104,1,0
27,1057,2011,7,16,5,0
20,206,2011,28,196,1,1
20,0,2011,28,9,1,1
20,766,2011,28,233,6,1
27,1262,2011,3,45,4,0
27,1062,2011,6,16,3,0
27,1062,2011,6,104,1,0
27,0,2011,1,234,3,0
27,1301,2011,1,45,3,0
27,1066,2011,8,104,1,0
27,1066,2011,8,16,5,0
27,1288,2011,10,45,3,0
27,1047,2011,29,16,6,0
27,1047,2011,29,104,1,0
27,2059,2011,7,152,5,0
27,1075,2011,14,104,1,0
27,1075,2011,14,16,5,0
27,0,2011,1,234,3,0
27,2079,2011,2,152,6,0
44,3652,2011,107,104,1,1
44,0,2011,107,195,1,1
44,0,2011,107,1,1,1
44,0,2011,107,236,1,1
44,0,2011,107,120,2,1
44,0,2011,107,55,1,1
44,0,2011,107,126,1,1
44,0,2011,107,45,1,1
27,1093,2011,15,104,2,0
27,1093,2011,15,16,2,0
50,787,2011,31,216,3,1
27,1319,2011,7,45,4,0
8,816,2011,1,104,2,0
8,1228,2011,1,11,9,0
67,1273,2011,1,126,6,1
67,450,2011,1,104,2,1
27,1118,2011,7,16,3,0
27,1118,2011,7,104,1,0
67,6,2011,1,126,6,1
67,6,2011,1,104,2,1
67,3722,2011,1,192,1,1
67,0,2011,1,167,1,1
67,1279,2011,1,133,1,1
67,3359,2011,1,37,1,1
27,1321,2011,5,45,4,0
27,2122,2011,7,152,6,1
27,1146,2011,7,104,1,1
50,170,2011,31,104,8,1
50,1109,2011,31,149,2,1
50,881,2011,31,138,2,1
27,17,2011,9,104,1,0
27,1136,2011,9,16,6,0
27,5,2011,8,104,1,0
27,1158,2011,8,16,6,0
50,324,2010,357,149,1,0
50,0,2010,357,13,13,0
50,242,2010,357,186,1,0
50,0,2010,357,31,1,0
39,4367,2011,141,240,4,1
39,3054,2011,141,230,4,1
27,41,2011,7,104,1,1
27,41,2011,7,152,5,1
27,16,2011,1,104,1,0
27,1185,2011,1,16,4,0
67,1282,2011,1,221,2,1
67,76,2011,1,104,1,1
47,0,2011,41,97,1,1
47,0,2011,41,188,1,1
47,0,2011,41,167,1,1
47,0,2011,41,121,2,1
47,0,2011,41,192,1,1
47,0,2011,41,104,3,1
47,0,2011,41,48,1,1
47,0,2011,41,196,3,1
47,0,2011,41,139,1,1
47,0,2011,41,200,1,1
27,20,2011,5,104,1,1
27,20,2011,5,152,4,1
50,293,2011,1,17,1,1
50,0,2011,1,170,2,1
50,0,2011,1,13,1,1
50,2278,2011,1,180,1,1
50,92,2011,1,104,2,1
50,253,2010,363,149,1,0
50,345,2010,363,104,1,0
50,345,2010,363,13,10,0
44,0,2011,262,111,1,1
44,0,2011,262,57,1,1
44,0,2011,262,76,1,1
44,0,2011,262,66,1,1
44,107,2011,262,236,1,1
44,107,2011,262,104,2,1
44,107,2011,262,195,1,1
44,0,2011,262,87,2,1
44,0,2011,262,11,1,1
44,0,2011,262,5,1,1
44,0,2011,262,232,1,1
44,0,2011,262,196,1,1
44,107,2011,262,55,1,1
44,0,2011,262,207,1,1
44,0,2011,262,29,1,1
44,0,2011,262,230,1,1
44,0,2011,262,121,1,1
44,0,2011,262,188,1,1
44,0,2011,262,186,1,1
44,0,2011,262,173,1,1
44,0,2011,262,177,1,1
44,0,2011,262,115,1,1
27,1448,2011,7,45,4,0
27,1498,2011,8,45,3,0
27,36,2011,4,104,1,0
27,1262,2011,4,16,4,0
67,0,2010,1,179,5,0
67,0,2010,1,186,6,0
67,532,2010,1,104,1,0
67,1445,2010,1,177,1,0
27,1511,2011,7,45,3,0
68,2789,2011,3,104,9,0
27,90,2011,11,104,1,0
27,1316,2011,11,16,3,0
20,177,2011,77,9,7,1
20,583,2011,77,31,1,1
27,113,2011,1,104,1,0
27,1339,2011,1,16,4,0
27,118,2011,10,104,1,0
27,1344,2011,10,16,3,0
27,1968,2011,10,170,3,0
27,1968,2011,10,17,1,0
27,131,2011,10,104,2,0
27,126,2011,8,104,1,0
27,1352,2011,8,16,3,0
27,1593,2011,7,45,3,0
27,144,2012,6,104,1,1
27,144,2012,6,152,4,1
67,130,2011,1,104,13,0
67,1485,2011,1,121,1,0
67,1412,2011,1,236,1,0
67,3948,2011,1,191,2,0
67,3419,2011,1,196,1,0
67,2107,2011,1,177,2,0
27,7,2012,2,152,2,0
27,1368,2012,13,16,4,0
27,8,2012,13,104,1,0
27,2106,2012,13,176,1,0
27,1600,2012,1,45,3,0
27,712,2012,6,106,5,1
27,1984,2012,16,17,1,0
27,1984,2012,16,170,3,0
27,3,2012,16,104,2,0
20,5422,2011,70,232,8,1
20,1103,2011,70,91,1,1
20,675,2011,53,64,6,1
20,36,2011,53,9,1,1
27,7,2012,2,106,5,0
27,14,2012,2,104,1,0
27,1632,2012,5,45,3,0
27,30,2012,5,104,1,0
27,1408,2012,8,16,3,0
27,1412,2012,1,16,3,0
27,1414,2012,7,16,5,0
27,1635,2012,5,45,3,0
27,0,2012,1,234,2,0
27,32,2012,4,106,7,0
27,0,2012,1,234,3,0
27,58,2012,1,104,1,0
27,44,2012,1,106,5,0
27,51,2012,1,104,1,0
27,1647,2012,1,45,4,0
27,57,2012,6,104,1,0
27,1433,2012,6,16,3,0
67,5378,2012,70,232,1,1
67,139,2012,70,104,4,1
67,1175,2012,70,57,1,1
67,2116,2012,70,177,1,1
67,1421,2012,70,91,1,1
67,1421,2012,70,216,1,1
67,3972,2012,70,112,1,1
67,2116,2012,70,87,1,1
67,1421,2012,70,51,1,1
67,1421,2012,70,138,1,1
27,1652,2012,2,45,3,0
27,1446,2012,12,16,4,0
63,0,2012,1,179,2,1
63,0,2012,1,186,2,1
63,5451,2012,1,104,1,1
27,73,2012,1,104,1,1
27,73,2012,1,152,4,1
27,1459,2012,6,16,3,0
27,1701,2012,10,45,4,0
67,70,2012,107,104,4,1
67,70,2012,107,232,1,1
67,70,2012,107,57,3,1
67,70,2012,107,177,1,1
67,1786,2012,107,92,1,1
67,0,2012,107,101,1,1
67,70,2012,107,91,1,1
67,70,2012,107,112,1,1
67,70,2012,107,216,1,1
67,70,2012,107,87,1,1
67,70,2012,107,51,1,1
67,70,2012,107,138,1,1
27,65,2012,1,104,1,1
27,65,2012,1,152,4,1
27,2122,2012,10,170,5,0
27,2122,2012,10,17,2,0
27,32,2012,1,104,1,0
27,1483,2012,1,16,3,0
27,2221,2012,1,176,1,0
67,0,2012,1,152,3,1
27,56,2012,95,152,4,0
27,1769,2012,1,45,5,0
27,2908,2012,1,163,1,0
27,56,2012,95,152,5,0
27,56,2012,95,104,1,0
25,0,2012,1,152,4,0
39,327,2012,20,230,5,1
39,565,2012,20,104,1,1
8,1648,2012,1,11,9,1
8,28,2012,1,11,10,1
8,3016,2012,1,87,1,1
8,1,2012,1,11,9,1
27,1799,2012,6,45,5,0
27,58,2012,6,104,1,0
8,0,2012,1,11,9,1
8,0,2012,1,11,8,1
8,1278,2012,1,130,1,1
8,1278,2012,1,83,1,1
8,13,2012,1,11,2,1
8,1278,2012,1,230,6,1
8,1278,2012,1,104,1,1
8,3,2012,1,130,1,1
8,1281,2012,1,240,1,1
8,3,2012,1,230,6,1
8,3,2012,1,104,1,1
39,4713,2012,1,233,7,0
39,4713,2012,1,233,8,1
8,8,2012,1,104,3,1
8,1804,2012,1,196,1,1
8,11,2012,1,11,3,1
8,5977,2012,1,117,1,1
8,11,2012,1,83,1,1
8,8,2012,1,230,8,1
8,25,2012,21,11,7,1
8,25,2012,21,104,1,1
2,0,2012,91,104,10,0
8,10,2012,1,104,3,1
8,10,2012,1,11,3,1
8,6,2012,1,117,1,1
8,6,2012,1,83,1,1
8,6,2012,1,230,7,1
39,35,2012,1,233,6,1
2,0,2012,30,104,11,0
2,0,2012,30,177,1,0
8,9,2012,1,104,5,1
8,9,2012,1,117,1,1
8,9,2012,1,83,1,1
8,23,2012,1,240,1,1
8,9,2012,1,11,2,1
8,9,2012,1,230,6,1
8,3,2012,1,104,4,1
8,3,2012,1,117,1,1
8,3,2012,1,230,6,1
8,3,2012,1,83,1,1
8,3,2012,1,240,1,1
8,3,2012,1,11,1,1
39,11,2012,1,233,5,1
35,0,2012,19,121,2,0
35,0,2012,19,191,1,0
35,0,2012,19,145,1,0
35,0,2012,19,104,1,0
35,0,2012,19,149,1,0
35,0,2012,22,149,2,0
35,0,2012,22,104,5,0
35,0,2012,22,121,1,0
35,0,2012,22,191,1,0
35,0,2012,22,145,2,0
35,0,2012,22,177,1,0
8,9,2012,1,104,4,1
8,9,2012,1,83,1,1
8,9,2012,1,240,1,1
8,9,2012,1,230,6,1
35,0,2012,1,104,3,0
35,0,2012,1,145,1,0
35,0,2012,1,149,1,0
35,0,2012,1,104,2,0
8,43,2012,21,11,9,1
8,52,2012,21,104,3,1
39,16,2012,1,233,4,1
39,93,2012,1,104,1,1
8,44,2012,1,104,3,1
8,13,2012,1,83,1,1
8,13,2012,1,240,1,1
8,44,2012,1,11,1,1
8,13,2012,1,230,6,1
35,0,2012,1,121,1,0
35,0,2012,1,104,2,0
35,0,2012,1,145,2,0
35,0,2012,1,149,1,0
55,0,2012,1,76,3,1
69,1895,2012,1,11,7,1
69,0,2012,1,11,4,1
8,17,2012,1,230,5,1
69,2,2012,7,11,8,1
3,5075,2012,44,78,5,1
3,5075,2012,44,196,1,1
3,5075,2012,44,9,1,1
20,1021,2012,1,104,2,1
20,636,2012,1,196,1,1
20,2532,2012,1,92,5,1
20,2532,2012,1,210,1,1
20,293,2012,1,9,1,1
8,41,2012,1,11,9,1
20,6,2012,3,92,4,1
20,6,2012,3,196,1,1
20,6,2012,3,210,1,1
20,6178,2012,3,55,1,1
20,6,2012,3,104,1,1
20,6,2012,3,9,1,1
69,5,2012,23,11,6,1
35,0,2012,1,104,6,0
35,0,2012,1,145,2,0
35,0,2012,1,149,1,0
8,0,2012,6,11,6,1
35,0,2012,58,177,1,0
35,0,2012,58,104,4,0
35,0,2012,58,145,1,0
35,0,2012,58,149,1,0
35,0,2012,58,26,2,0
8,5,2012,1,11,6,1
20,1,2012,1,92,3,1
20,1,2012,1,210,1,1
20,1,2012,1,104,2,1
20,829,2012,1,240,5,0
20,50,2012,1,9,1,0
20,0,2012,1,83,1,0
20,829,2012,1,230,2,0
27,229,2013,4,152,8,0
27,229,2013,4,104,1,0
50,0,2012,4,16,6,1
50,458,2012,4,170,1,1
50,1116,2012,4,186,1,1
50,458,2012,4,104,1,1
50,458,2012,4,13,1,1
35,0,2013,1,104,8,0
35,0,2013,1,13,1,0
35,0,2013,1,121,1,0
35,0,2013,1,149,1,0
50,1311,2013,1,179,2,1
50,28,2013,1,186,2,1
50,1722,2013,1,25,1,1
50,28,2013,1,104,1,1
35,0,2013,1,104,7,0
35,0,2013,1,121,1,0
20,0,2012,83,138,4,1
20,11,2012,83,196,1,1
20,10,2012,83,104,3,1
20,11,2012,83,9,1,1
35,0,2013,1,104,7,0
35,0,2013,1,121,1,0
35,0,2013,20,104,8,0
35,0,2013,20,121,1,0
35,0,2013,20,149,1,0
35,0,2013,9,104,5,0
35,0,2013,9,149,1,0
35,0,2013,2,104,5,0
35,0,2013,2,149,1,0
35,0,2013,1,104,5,0
35,0,2013,1,149,1,0
35,0,2013,1,104,5,0
35,0,2013,1,13,1,0
35,0,2013,1,172,2,0
35,0,2013,1,121,1,0
35,0,2013,1,126,1,0
35,0,2013,1,149,1,0
51,0,2013,2,170,4,0
51,0,2013,2,104,4,0
51,0,2013,2,180,1,0
51,0,2013,15,170,5,0
51,0,2013,15,104,1,0
51,0,2013,28,170,6,0
51,0,2013,28,104,1,0
51,0,2013,14,170,6,0
51,0,2013,14,104,2,0
51,0,2013,8,170,6,0
51,0,2013,8,104,1,0
51,0,2013,9,170,7,0
51,0,2013,9,104,1,0
51,0,2013,12,170,6,0
51,0,2013,12,104,1,0
51,0,2013,28,170,8,0
51,0,2013,28,104,1,0
51,0,2013,13,170,7,0
51,0,2013,13,104,1,0
51,0,2013,9,170,6,0
51,0,2013,9,104,1,0
51,0,2013,2,170,7,0
51,0,2013,2,104,2,0
51,0,2013,8,170,4,0
51,0,2013,8,104,2,0
51,0,2013,17,170,6,0
51,0,2013,17,104,2,0
51,0,2013,13,170,6,0
51,0,2013,13,104,2,0
51,0,2013,1,170,6,0
51,0,2013,1,104,1,0
51,0,2013,2,170,10,0
51,0,2013,2,104,2,0
51,0,2013,10,170,10,0
51,0,2013,10,104,2,0
51,0,2013,21,170,6,0
51,0,2013,21,104,3,0
51,0,2013,13,170,5,0
51,0,2013,13,104,3,0
51,0,2013,8,170,4,0
51,0,2013,8,104,3,0
51,0,2013,9,170,6,0
51,0,2013,9,104,3,0
51,0,2013,1,104,10,0
51,0,2013,1,170,4,0
51,0,2013,1,67,1,0
51,0,2013,52,104,3,0
51,0,2013,52,170,8,0
51,0,2013,11,104,4,0
51,0,2013,11,170,3,0
35,0,2012,1,104,6,1
35,0,2012,1,149,1,1
35,0,2013,1,104,6,0
35,243,2013,1,149,1,0
35,0,2013,1,104,6,1
35,242,2013,1,149,1,1
51,0,2013,11,104,4,0
51,0,2013,11,170,2,0
51,0,2013,1,104,4,0
51,0,2013,1,170,2,0
35,6,2013,1,104,7,0
35,0,2013,1,196,2,0
35,0,2013,1,172,1,0
35,0,2013,1,104,6,1
35,0,2013,1,149,1,1
50,105,2013,3,25,3,0
50,2405,2013,3,223,1,0
50,2405,2013,3,87,1,0
35,6,2013,1,104,8,1
35,0,2013,1,196,3,1
35,6,2013,1,149,1,1
35,12,2013,1,104,7,1
35,12,2013,1,149,1,1
35,7,2013,1,104,8,1
35,7,2013,1,149,1,1
35,0,2013,1,26,1,1
51,0,2013,1,104,7,0
51,0,2013,1,170,3,0
35,24,2013,20,104,11,1
35,0,2013,20,172,1,1
35,0,2013,20,121,1,1
35,29,2013,20,196,1,1
35,24,2013,20,149,1,1
35,0,2013,20,126,1,1
50,2426,2013,17,87,2,1
50,2426,2013,17,223,2,1
50,126,2013,17,104,1,1
50,1620,2013,17,57,2,1
50,1620,2013,17,157,1,1
50,0,2013,17,177,1,1
35,27,2013,32,172,1,1
35,27,2013,32,104,15,1
35,27,2013,32,121,1,1
35,0,2013,32,14,2,1
35,27,2013,32,196,1,1
35,0,2013,32,145,1,1
35,27,2013,32,149,1,1
35,32,2013,1,149,3,1
35,32,2013,1,172,4,1
35,32,2013,1,121,1,1
35,32,2013,1,14,1,1
35,0,2013,1,16,1,1
35,0,2013,1,147,1,1
51,0,2013,37,104,5,0
51,0,2013,37,170,3,0
67,4393,2013,49,149,2,1
67,0,2013,49,172,6,1
67,1950,2013,49,121,1,1
67,0,2013,49,14,1,1
67,4723,2013,49,147,1,1
20,0,2013,126,173,6,1
20,0,2013,126,93,1,1
20,52,2013,126,9,1,1
35,49,2013,1,149,2,1
35,49,2013,1,172,4,1
35,49,2013,1,121,1,1
35,49,2013,1,14,1,1
35,49,2013,1,147,1,1
35,22,2013,1,104,1,0
35,5,2013,1,172,4,0
35,5,2013,1,121,1,0
35,23,2013,1,26,1,0
35,5,2013,1,14,1,0
35,5,2013,1,149,1,0
35,5,2013,1,147,1,0
35,0,2013,1,176,1,0
35,244,2012,1,104,1,0
35,261,2012,1,172,4,0
35,261,2012,1,121,1,0
35,261,2012,1,14,1,0
35,261,2012,1,149,1,0
35,261,2012,1,147,1,0
35,243,2012,1,26,1,0
50,47,2013,1,104,2,1
50,0,2013,1,188,5,1
35,49,2013,1,149,2,1
35,49,2013,1,172,4,1
35,49,2013,1,121,1,1
35,49,2013,1,147,1,1
67,4003,2013,131,25,1,1
67,259,2013,131,112,1,1
67,259,2013,131,91,2,1
67,259,2013,131,104,4,1
67,5020,2013,131,31,2,1
67,259,2013,131,57,2,1
67,1787,2013,131,210,3,1
67,259,2013,131,51,1,1
67,1037,2013,131,179,1,1
67,1787,2013,131,9,1,1
67,259,2013,131,87,1,1
67,259,2013,131,138,1,1
67,259,2013,131,232,1,1
67,2287,2013,131,173,1,1
67,1037,2013,131,186,1,1
67,259,2013,131,92,1,1
67,1787,2013,131,115,1,1
67,259,2013,131,177,1,1
67,1787,2013,131,64,1,1
35,0,2013,1,149,2,1
35,0,2013,1,172,4,1
35,0,2013,1,121,1,1
35,0,2013,1,147,1,1
20,7,2013,111,196,1,1
20,980,2013,111,230,5,1
20,0,2013,111,83,1,1
20,67,2013,111,9,1,1
35,212,2012,1,149,3,0
35,212,2012,1,172,4,0
35,212,2012,1,121,1,0
35,212,2012,1,147,1,0
35,244,2012,1,104,1,0
35,58,2013,10,149,4,0
35,58,2013,10,172,4,0
35,58,2013,10,121,1,0
35,58,2013,10,147,1,0
35,212,2012,1,147,1,0
35,212,2012,1,172,4,0
35,212,2012,1,121,1,0
35,212,2012,1,149,3,0
35,212,2012,1,149,3,1
35,212,2012,1,172,4,1
35,212,2012,1,121,1,1
35,212,2012,1,147,1,1
35,237,2013,1,149,3,0
35,237,2013,1,147,1,0
35,237,2013,1,172,4,0
35,237,2013,1,121,1,0
35,295,2013,1,149,3,0
35,295,2013,1,147,1,0
35,295,2013,1,172,4,0
35,295,2013,1,121,1,0
51,0,2013,1,104,2,0
51,0,2013,1,170,2,0
35,300,2013,1,149,3,0
35,300,2013,1,147,1,0
35,300,2013,1,172,3,0
35,0,2012,1,149,4,0
35,0,2012,1,172,3,0
35,0,2012,1,147,1,0
35,244,2012,1,104,1,0
35,311,2013,1,121,1,0
35,0,2013,1,177,1,0
35,67,2013,1,145,1,0
35,311,2013,1,149,2,0
35,311,2013,1,172,3,0
35,311,2013,1,147,1,0
35,311,2013,1,172,4,0
35,0,2013,1,177,1,0
35,311,2013,1,147,1,0
50,53,2013,1,188,4,1
50,53,2013,1,104,2,1
35,0,2012,1,172,5,0
35,0,2012,1,177,1,0
35,0,2012,1,149,2,0
35,0,2012,1,147,1,0
35,0,2012,1,149,3,0
35,0,2012,1,147,1,0
35,0,2012,1,177,1,0
35,0,2012,1,172,3,0
51,0,2013,1,170,5,0
51,0,2013,1,104,4,0
35,317,2013,1,149,3,0
35,317,2013,1,147,1,0
35,0,2013,1,177,1,0
35,0,2013,1,60,1,0
35,317,2013,1,172,3,0
35,0,2013,1,177,1,0
35,319,2013,1,149,2,0
35,319,2013,1,172,3,0
35,319,2013,1,147,1,0
35,327,2013,1,147,1,0
35,0,2013,1,177,1,0
35,327,2013,1,149,3,0
35,327,2013,1,172,3,0
51,0,2013,21,170,4,0
51,0,2013,21,104,6,0
50,65,2013,13,188,3,1
50,0,2013,13,26,1,1
50,65,2013,13,104,1,1
35,325,2013,9,147,1,0
35,325,2013,9,172,4,0
35,0,2013,9,177,1,0
35,325,2013,9,149,3,0
35,348,2013,1,149,1,0
35,0,2013,1,203,1,0
35,104,2013,1,145,1,0
35,348,2013,1,172,3,0
35,0,2013,1,177,1,0
35,348,2013,1,147,1,0
35,341,2013,9,149,3,0
35,0,2013,9,177,1,0
35,341,2013,9,172,3,0
35,341,2013,9,147,1,0
35,97,2013,9,104,1,0
35,19,2013,1,104,1,0
35,263,2013,1,121,1,0
35,19,2013,1,145,1,0
35,2,2013,1,14,1,0
35,263,2013,1,172,3,0
35,0,2013,1,177,1,0
35,263,2013,1,147,1,0
35,348,2013,8,147,1,0
35,0,2013,8,177,1,0
35,348,2013,8,149,3,0
35,348,2013,8,172,3,0
35,104,2013,8,104,1,0
35,374,2013,1,147,1,0
35,130,2013,1,104,1,0
35,0,2013,1,177,1,0
35,374,2013,1,149,3,0
35,130,2013,1,145,1,0
35,374,2013,1,172,3,0
50,0,2013,1,198,1,1
35,2,2013,32,104,1,0
35,242,2013,32,172,3,0
35,0,2013,32,177,1,0
35,242,2013,32,147,1,0
35,1,2013,32,26,1,0
50,81,2013,9,87,1,1
50,2906,2013,9,173,1,1
50,81,2013,9,57,2,1
50,0,2013,9,210,3,1
50,1642,2013,9,92,1,1
50,3,2013,9,104,1,1
50,1642,2013,9,11,2,1
50,81,2013,9,177,1,1
50,81,2013,9,223,2,1
50,1718,2013,9,115,1,1
35,379,2013,11,147,1,0
35,0,2013,11,177,1,0
35,379,2013,11,172,3,0
35,379,2013,11,149,2,0
20,434,2013,153,64,11,1
20,80,2013,153,9,1,1
35,365,2013,30,147,1,0
35,0,2013,30,177,1,0
35,365,2013,30,172,3,0
35,365,2013,30,149,2,0
51,0,2013,1,104,2,0
51,0,2013,1,170,3,0
35,405,2013,1,121,1,0
35,161,2013,1,145,1,0
35,405,2013,1,172,3,0
35,0,2013,1,177,1,0
35,405,2013,1,147,1,0
50,0,2013,1,72,3,0
50,54,2013,1,104,1,0
39,0,2013,39,29,9,1
39,342,2013,39,104,2,1
35,382,2013,31,147,1,0
35,382,2013,31,149,3,0
35,0,2013,31,177,1,0
35,382,2013,31,172,3,0
51,0,2013,5,104,2,0
51,0,2013,5,170,2,0
39,39,2013,1,29,11,1
39,39,2013,1,104,5,1
50,0,2013,1,72,3,1
35,244,2012,1,145,1,0
35,0,2012,1,172,3,0
35,0,2012,1,177,1,0
35,0,2012,1,147,1,0
35,420,2013,2,149,2,0
35,176,2013,2,104,1,0
35,0,2013,2,177,1,0
35,0,2013,2,220,2,0
35,420,2013,2,172,3,0
35,420,2013,2,147,1,0
35,420,2013,4,149,2,0
35,0,2013,4,177,1,0
35,420,2013,4,172,3,0
35,420,2013,4,147,1,0
51,0,2013,6,170,3,0
51,0,2013,6,104,2,0
35,426,2013,1,149,2,0
35,0,2013,1,236,2,0
35,426,2013,1,172,3,0
35,0,2013,1,177,1,0
35,426,2013,1,147,1,0
35,175,2013,6,145,1,0
35,419,2013,6,172,3,0
35,0,2013,6,177,1,0
35,419,2013,6,147,1,0
50,7,2013,1,72,3,1
50,322,2013,1,16,1,1
35,417,2013,8,147,1,0
35,0,2013,8,177,1,0
35,417,2013,8,149,3,0
35,417,2013,8,172,3,0
39,8,2013,1,29,10,1
39,8,2013,1,104,3,1
35,395,2013,40,172,4,0
35,151,2013,40,145,1,0
35,0,2013,40,177,1,0
35,395,2013,40,147,1,0
35,0,2013,40,220,1,0
35,0,2013,8,140,1,0
35,424,2013,8,172,3,0
35,0,2013,8,177,1,0
35,424,2013,8,147,1,0
50,0,2013,2,64,7,1
39,0,2013,1,29,10,1
39,0,2013,1,104,3,1
35,429,2013,14,147,1,0
35,429,2013,14,149,3,0
35,0,2013,14,203,1,0
35,0,2013,14,177,1,0
35,429,2013,14,172,3,0
50,16,2013,1,72,4,1
35,395,2013,57,147,2,0
35,395,2013,57,172,4,0
35,0,2013,57,191,2,0
35,0,2013,57,60,1,0
35,151,2013,57,104,2,0
35,151,2013,57,145,1,0
35,0,2013,57,177,1,0
35,395,2013,57,149,1,0
35,0,2012,457,172,5,0
35,0,2012,457,177,1,0
35,244,2012,457,145,1,0
35,0,2012,457,147,1,0
20,316,2013,52,92,5,1
20,316,2013,52,210,1,1
51,0,2013,16,170,4,0
51,0,2013,16,104,6,0
51,0,2013,16,17,1,0
62,2559,2013,59,104,6,1
62,0,2013,59,191,1,1
62,0,2013,59,0,1,1
62,2773,2013,59,196,2,1
51,0,2013,1,104,2,0
51,0,2013,1,170,2,0
35,445,2013,1,147,1,0
35,445,2013,1,149,3,0
35,0,2013,1,177,1,0
35,445,2013,1,172,3,0
35,468,2013,7,172,4,0
35,0,2013,7,177,1,0
35,468,2013,7,147,1,0
35,451,2013,24,147,1,0
35,0,2013,24,177,1,0
35,451,2013,24,172,3,0
35,451,2013,24,149,2,0
35,450,2013,31,147,1,0
35,450,2013,31,172,4,0
35,0,2013,31,177,1,0
35,450,2013,31,149,2,0
35,0,2013,11,140,1,0
35,475,2013,11,172,4,0
35,0,2013,11,177,1,0
35,475,2013,11,147,1,0
51,0,2013,8,104,6,0
51,0,2013,8,17,1,0
51,0,2013,8,170,3,0
51,0,2013,1,67,2,0
51,0,2013,1,104,2,0
51,0,2013,1,170,2,0
35,0,2013,4,140,1,0
35,0,2013,4,177,1,0
35,475,2013,4,172,3,0
35,0,2013,4,220,2,0
35,475,2013,4,147,1,0
27,579,2013,7,104,5,0
27,2942,2013,7,177,3,0
27,2705,2013,7,170,1,0
51,0,2013,19,170,8,0
51,0,2013,19,104,4,0
51,0,2014,1,170,4,0
51,0,2014,1,104,6,0
51,0,2014,1,17,2,0
51,0,2014,1,170,10,0
51,0,2014,1,104,4,0
51,0,2014,11,170,5,0
51,0,2014,11,104,3,0
51,0,2014,12,104,8,1
51,0,2014,12,17,1,1
51,0,2014,12,170,4,1
51,0,2014,12,104,4,0
51,11,2014,12,170,3,0
51,0,2014,14,104,4,0
51,12,2014,14,170,5,0
51,0,2014,13,104,5,0
51,10,2014,13,170,8,0
51,10,2014,17,170,9,0
51,0,2014,17,104,5,0
51,0,2014,9,104,5,0
51,2,2014,9,170,4,0
51,3,2014,12,170,7,0
51,0,2014,12,104,4,0
51,1,2014,13,170,9,0
51,0,2014,13,104,4,0
35,480,2013,29,147,1,0
35,236,2013,29,104,2,0
35,0,2013,29,140,2,0
35,480,2013,29,121,1,0
35,480,2013,29,172,2,0
35,480,2013,29,149,2,0
35,237,2013,29,26,1,0
51,3,2014,11,170,8,0
51,0,2014,11,104,4,0
51,0,2014,12,104,14,1
51,2,2014,12,170,7,1
51,2,2014,12,17,1,1
51,0,2014,12,177,1,1
51,21,2014,23,170,12,1
51,21,2014,23,104,14,1
51,21,2014,23,177,2,1
51,21,2014,23,17,1,1
51,10,2014,10,170,9,1
51,10,2014,10,104,15,1
51,10,2014,10,17,1,1
51,10,2014,10,177,1,1
51,8,2014,9,104,12,1
51,8,2014,9,170,10,1
51,8,2014,9,17,1,1
51,8,2014,9,177,1,1
51,1,2014,1,170,11,1
51,1,2014,1,104,12,1
51,1,2014,1,17,1,1
51,1,2014,1,177,1,1
51,1,2014,1,104,11,1
51,1,2014,1,17,1,1
51,1,2014,1,170,1,1
51,1,2014,1,177,1,1
35,270,2014,1,104,2,0
35,0,2014,1,140,1,0
35,514,2014,1,149,1,0
35,514,2014,1,147,1,0
35,514,2014,1,172,1,0
51,1,2014,1,104,11,1
51,1,2014,1,17,1,1
51,1,2014,1,170,1,1
51,1,2014,1,177,1,1
51,1,2014,1,104,11,1
51,1,2014,1,17,1,1
51,1,2014,1,170,1,1
51,1,2014,1,177,1,1
51,1,2014,1,104,11,1
51,1,2014,1,17,1,1
51,1,2014,1,170,1,1
51,1,2014,1,177,1,1
35,276,2014,1,104,2,0
35,0,2014,1,140,1,0
35,520,2014,1,172,4,0
35,520,2014,1,147,1,0
51,5,2014,1,104,8,1
51,5,2014,1,17,1,1
51,5,2014,1,170,1,1
51,5,2014,1,177,1,1
51,1,2014,1,104,8,1
51,1,2014,1,17,1,1
51,1,2014,1,170,1,1
51,1,2014,1,177,1,1
51,3,2014,1,104,11,1
51,3,2014,1,17,1,1
51,3,2014,1,170,1,1
51,3,2014,1,177,1,1
51,0,2014,1,1,2,1
51,2,2014,1,104,7,1
51,2,2014,1,17,1,1
51,2,2014,1,170,1,1
51,2,2014,1,177,2,1
51,1,2014,1,104,10,1
51,1,2014,1,17,1,1
51,1,2014,1,170,4,1
51,1,2014,1,177,1,1
51,2,2014,1,170,5,1
51,2,2014,1,104,13,1
51,2,2014,1,17,1,1
51,2,2014,1,177,1,1
51,4,2014,1,170,5,1
51,4,2014,1,104,13,1
51,4,2014,1,17,1,1
51,4,2014,1,177,1,1
51,2,2014,1,104,11,1
51,2,2014,1,17,1,1
51,2,2014,1,170,2,1
51,2,2014,1,177,1,1
51,1,2014,1,104,10,1
51,1,2014,1,17,1,1
51,1,2014,1,170,1,1
51,1,2014,1,177,1,1
35,276,2014,12,104,2,0
35,0,2014,12,140,1,0
35,520,2014,12,172,3,0
35,520,2014,12,149,1,0
35,520,2014,12,147,1,0
51,2,2014,2,104,10,1
51,2,2014,2,17,1,1
51,2,2014,2,170,1,1
51,2,2014,2,177,1,1
51,3,2014,1,104,9,1
51,3,2014,1,17,1,1
51,3,2014,1,170,1,1
51,3,2014,1,177,1,1
51,0,2014,1,104,9,1
51,0,2014,1,17,2,1
51,0,2014,1,170,1,1
51,0,2014,1,177,1,1
51,1,2014,1,104,9,1
51,1,2014,1,17,1,1
51,1,2014,1,170,1,1
51,1,2014,1,177,1,1
51,1,2014,1,104,9,1
51,1,2014,1,17,1,1
51,1,2014,1,170,1,1
51,1,2014,1,177,1,1
35,0,2014,1,140,1,0
35,537,2014,1,172,4,0
35,537,2014,1,149,1,0
35,537,2014,1,147,1,0
51,1,2014,1,104,9,1
51,1,2014,1,17,1,1
51,1,2014,1,170,1,1
51,1,2014,1,177,1,1
35,0,2014,6,140,1,0
35,550,2014,6,172,5,0
35,550,2014,6,149,1,0
35,550,2014,6,147,1,0
50,156,2014,61,64,5,1
35,0,2014,8,140,1,0
35,543,2014,8,172,4,0
35,543,2014,8,149,1,0
35,543,2014,8,147,1,0
51,6,2014,1,104,9,1
51,6,2014,1,17,1,1
51,6,2014,1,170,1,1
51,6,2014,1,177,1,1
35,0,2014,1,140,1,0
35,559,2014,1,172,4,0
35,559,2014,1,149,1,0
35,559,2014,1,147,1,0
51,3,2014,1,104,10,1
51,3,2014,1,17,2,1
51,3,2014,1,170,1,1
51,3,2014,1,177,1,1
51,2,2014,1,104,9,1
51,2,2014,1,17,1,1
51,2,2014,1,170,1,1
51,2,2014,1,177,1,1
35,0,2014,1,140,2,0
35,563,2014,1,172,5,0
35,0,2014,1,60,1,0
35,0,2014,1,177,1,0
35,563,2014,1,147,1,0
50,0,2014,1,220,1,1
50,125,2014,1,72,6,1
50,0,2014,1,60,1,1
50,176,2014,1,26,2,1
50,0,2014,1,120,1,1
50,0,2014,1,81,1,1
50,5257,2014,1,53,2,1
50,176,2014,1,188,1,1
50,109,2014,1,16,1,1
50,0,2014,1,172,1,1
50,0,2014,1,140,1,1
8,0,2014,1,31,1,1
8,2,2014,1,31,1,1
8,1,2014,1,31,1,1
35,0,2014,1,140,1,0
35,565,2014,1,172,5,0
35,0,2014,1,60,1,0
35,0,2014,1,177,1,0
35,565,2014,1,147,1,0
35,0,2014,1,140,1,0
35,568,2014,1,172,5,0
35,0,2014,1,60,1,0
35,0,2014,1,177,1,0
35,568,2014,1,147,1,0
8,0,2013,1,29,1,1
8,363,2013,1,31,5,1
8,211,2013,1,196,2,1
8,0,2013,1,9,2,1
8,0,2013,1,233,2,1
8,2015,2013,1,126,1,1
51,1,2014,5,104,10,1
51,1,2014,5,17,1,1
51,1,2014,5,170,1,1
51,1,2014,5,177,1,1
8,365,2014,1,31,5,1
8,365,2014,1,196,1,1
8,536,2014,1,104,2,1
8,365,2014,1,233,2,1
8,365,2014,1,126,1,1
8,365,2014,1,9,1,1
35,0,2014,1,140,1,0
35,565,2014,1,172,4,0
35,565,2014,1,149,1,0
35,565,2014,1,147,1,0
51,2,2014,1,104,9,1
51,2,2014,1,17,1,1
51,2,2014,1,170,1,1
51,2,2014,1,177,1,1
8,1,2014,1,196,1,1
8,1,2014,1,31,5,1
8,1,2014,1,9,1,1
8,1,2014,1,233,2,1
8,1,2014,1,104,1,1
8,0,2014,6,160,9,0
8,7,2014,6,196,1,0
8,7,2014,6,31,1,0
8,7,2014,6,104,1,0
8,7,2014,6,9,1,0
8,14,2014,17,104,4,1
8,14,2014,17,31,6,1
8,1852,2014,17,57,5,1
8,0,2014,17,160,2,1
8,14,2014,17,233,1,1
8,523,2014,17,83,1,1
8,0,2014,1,160,9,0
8,0,2014,1,57,5,0
8,0,2014,1,233,1,0
8,0,2014,1,31,6,0
8,0,2014,1,236,1,0
8,0,2014,1,104,1,0
8,0,2014,1,83,1,0
51,4,2014,1,104,9,1
51,4,2014,1,17,1,1
51,4,2014,1,170,1,1
51,4,2014,1,177,1,1
8,3,2014,1,104,14,1
8,3,2014,1,31,2,1
8,0,2014,1,216,1,1
8,491,2014,1,11,1,1
8,3,2014,1,160,1,1
8,526,2014,1,230,1,1
8,2396,2014,1,177,2,1
8,3624,2014,1,92,1,1
51,3,2014,1,104,9,1
51,3,2014,1,17,1,1
51,3,2014,1,170,1,1
51,3,2014,1,177,1,1
8,10,2014,11,160,7,1
8,0,2014,11,25,3,1
8,7,2014,11,57,8,1
8,7,2014,11,233,2,1
8,10,2014,11,31,6,1
8,4,2014,11,9,3,1
8,10,2014,11,104,9,1
8,4,2014,11,196,2,1
8,7,2014,11,83,1,1
8,598,2014,11,87,1,1
8,10,2014,11,11,1,1
8,3,2014,11,126,1,1
8,0,2014,11,115,1,1
8,2,2014,1,160,2,0
8,2,2014,1,25,1,0
8,2,2014,1,233,1,0
8,2,2014,1,57,5,0
8,2,2014,1,31,3,0
8,2,2014,1,9,2,0
8,2,2014,1,83,1,0
8,2,2014,1,104,3,0
8,0,2014,1,232,3,0
8,3,2014,1,177,1,0
51,1,2014,1,104,9,1
51,1,2014,1,17,2,1
51,1,2014,1,170,1,1
51,1,2014,1,177,1,1
51,0,2014,1,104,9,1
51,0,2014,1,17,1,1
51,0,2014,1,170,1,1
51,0,2014,1,177,1,1
35,0,2012,1,140,1,0
35,0,2012,1,172,5,0
35,244,2012,1,104,1,0
35,0,2012,1,149,1,0
35,0,2012,1,147,1,0
51,4,2014,1,104,9,1
51,4,2014,1,17,1,1
51,4,2014,1,170,1,1
51,4,2014,1,177,1,1
8,2,2014,2,104,6,1
8,2,2014,2,160,8,1
8,2,2014,2,25,5,1
8,2,2014,2,233,5,1
8,2,2014,2,31,6,1
8,2,2014,2,57,5,1
8,2,2014,2,9,2,1
8,2,2014,2,83,1,1
8,3,2014,2,177,1,1
8,0,2014,2,42,1,1
35,0,2012,1,140,1,0
35,0,2012,1,172,5,0
35,0,2012,1,149,1,0
35,0,2012,1,147,1,0
51,3,2014,1,104,12,1
51,3,2014,1,17,1,1
51,3,2014,1,170,1,1
51,3,2014,1,177,1,1
35,0,2012,1,140,1,0
35,0,2012,1,172,5,0
35,0,2012,1,149,1,0
35,0,2012,1,147,1,0
51,0,2014,1,104,9,1
51,0,2014,1,17,1,1
51,0,2014,1,170,1,1
51,0,2014,1,177,1,1
8,7,2014,10,160,7,1
8,7,2014,10,25,5,1
8,7,2014,10,233,1,1
8,7,2014,10,31,6,1
8,7,2014,10,57,4,1
8,7,2014,10,9,2,1
8,7,2014,10,104,3,1
8,7,2014,10,83,1,1
8,2,2014,10,230,1,1
8,7,2014,10,177,1,1
8,7,2014,10,42,1,1
51,4,2014,1,104,12,1
51,4,2014,1,17,1,1
51,4,2014,1,170,1,1
51,4,2014,1,177,1,1
35,0,2014,4,140,1,0
35,586,2014,4,172,6,0
35,586,2014,4,147,1,0
51,0,2014,1,104,9,1
51,0,2014,1,17,1,1
51,0,2014,1,170,1,1
51,0,2014,1,177,1,1
35,0,2014,1,140,1,0
35,593,2014,1,172,5,0
35,593,2014,1,149,1,0
35,349,2014,1,104,1,0
35,593,2014,1,147,1,0
8,5,2014,1,160,5,0
8,5,2014,1,104,12,0
8,5,2014,1,25,2,0
8,5,2014,1,57,7,0
8,5,2014,1,233,2,0
8,5,2014,1,31,7,0
8,13,2014,1,216,2,0
8,0,2014,1,232,1,0
8,13,2014,1,92,1,0
8,5,2014,1,83,1,0
8,5,2014,1,230,1,0
8,5,2014,1,9,1,0
8,5,2014,1,177,2,0
8,0,2014,1,5,1,0
8,5,2014,1,42,1,0
50,0,2013,368,222,3,1
50,125,2013,368,57,1,1
50,125,2013,368,115,1,1
50,1256,2013,368,230,1,1
50,406,2013,368,64,1,1
50,0,2013,368,130,1,1
8,6,2014,1,31,6,0
8,6,2014,1,104,1,0
8,6,2014,1,160,1,0
8,6,2014,1,57,3,0
8,6,2014,1,83,1,0
8,13,2014,1,11,1,0
35,0,2014,1,139,1,0
35,594,2014,1,172,4,0
35,594,2014,1,147,1,0
8,29,2014,40,31,6,1
8,29,2014,40,104,1,1
8,29,2014,40,57,3,1
8,29,2014,40,160,5,1
8,29,2014,40,233,2,1
8,29,2014,40,83,1,1
8,29,2014,40,177,1,1
35,592,2014,5,172,4,0
35,592,2014,5,147,1,0
20,224,2014,40,196,1,1
20,224,2014,40,230,8,1
20,342,2014,40,104,1,1
20,224,2014,40,83,1,1
20,151,2014,40,9,1,1
35,598,2014,1,172,4,0
35,598,2014,1,147,1,0
35,355,2014,1,26,1,0
51,2,2014,3,104,8,1
51,2,2014,3,17,1,1
51,2,2014,3,170,1,1
51,2,2014,3,177,1,1
8,40,2014,42,31,6,1
8,40,2014,42,104,4,1
8,40,2014,42,57,4,1
8,40,2014,42,160,1,1
8,40,2014,42,233,2,1
8,40,2014,42,83,1,1
8,40,2014,42,177,1,1
35,602,2014,1,172,5,0
35,602,2014,1,147,1,0
8,1,2014,1,31,6,1
8,1,2014,1,83,1,1
8,1,2014,1,177,1,1
35,375,2014,15,16,1,1
35,587,2014,15,149,2,1
35,587,2014,15,172,3,1
35,587,2014,15,147,1,1
51,5,2014,3,104,9,1
51,5,2014,3,17,1,1
51,5,2014,3,170,1,1
51,5,2014,3,177,1,1
8,20,2014,24,31,6,1
8,18,2014,24,104,1,1
8,18,2014,24,160,1,1
8,18,2014,24,57,3,1
8,20,2014,24,83,1,1
8,20,2014,24,177,1,1
35,0,2014,2,177,1,0
35,0,2014,2,60,1,0
35,4,2014,2,172,3,0
35,354,2014,2,104,1,0
35,4,2014,2,149,1,0
35,4,2014,2,147,1,0
35,355,2014,2,26,1,0
35,6,2014,1,147,1,0
35,364,2014,1,104,5,0
35,6,2014,1,172,3,0
35,0,2014,1,177,1,0
35,6,2014,1,149,1,0
35,608,2014,1,121,1,0
8,60,2014,63,57,5,1
8,54,2014,63,233,1,1
8,60,2014,63,31,6,1
8,60,2014,63,160,3,1
8,60,2014,63,104,6,1
8,60,2014,63,83,1,1
8,0,2014,63,186,1,1
8,60,2014,63,177,1,1
35,347,2014,1,104,1,0
35,0,2014,1,157,4,0
35,11,2014,1,172,3,0
35,0,2014,1,177,1,0
35,11,2014,1,147,1,0
35,343,2014,25,104,1,0
35,15,2014,25,16,1,0
35,0,2014,25,177,1,0
35,0,2014,25,157,1,0
35,15,2014,25,172,4,0
35,15,2014,25,149,1,0
35,15,2014,25,147,1,0
35,344,2014,25,26,1,0
8,63,2014,67,57,5,1
8,63,2014,67,104,2,1
8,0,2014,67,232,1,1
8,63,2014,67,31,6,1
8,63,2014,67,160,1,1
8,63,2014,67,233,1,1
8,63,2014,67,186,1,1
8,63,2014,67,83,1,1
8,11,2014,11,104,1,1
8,11,2014,11,232,1,1
8,11,2014,11,31,6,1
8,11,2014,11,160,1,1
8,11,2014,11,233,1,1
8,11,2014,11,83,1,1
8,23,2014,11,216,1,1
8,11,2014,11,57,1,1
8,67,2014,69,104,1,1
8,67,2014,69,232,1,1
8,67,2014,69,31,6,1
8,67,2014,69,160,1,1
8,67,2014,69,233,1,1
8,67,2014,69,83,1,1
8,67,2014,69,216,1,1
8,67,2014,69,57,1,1
35,18,2014,1,172,4,0
35,18,2014,1,147,1,0
8,357,2013,359,104,1,1
8,357,2013,359,232,1,1
8,357,2013,359,31,7,1
8,357,2013,359,160,1,1
8,357,2013,359,233,1,1
8,357,2013,359,83,1,1
8,357,2013,359,216,1,1
51,14,2014,1,104,9,1
51,14,2014,1,17,1,1
51,14,2014,1,170,1,1
51,14,2014,1,177,1,1
35,39,2014,57,149,4,0
35,319,2014,57,104,6,0
35,39,2014,57,172,6,0
35,563,2014,57,121,2,0
35,0,2014,57,60,3,0
35,320,2014,57,26,2,0
35,0,2014,57,191,1,0
35,0,2014,57,220,3,0
35,0,2014,57,177,1,0
35,39,2014,57,147,1,0
35,0,2014,57,140,1,0
35,9,2014,10,149,2,0
35,0,2014,10,177,1,0
35,0,2014,10,60,1,0
35,9,2014,10,172,4,0
35,0,2014,10,220,1,0
35,9,2014,10,147,1,0
35,0,2014,10,191,1,0
51,7,2014,1,104,10,1
51,7,2014,1,17,1,1
51,7,2014,1,170,1,1
51,7,2014,1,177,1,1
35,364,2014,1,104,1,0
35,0,2014,1,177,1,0
35,0,2014,1,60,1,0
35,6,2014,1,172,5,0
35,6,2014,1,147,1,0
35,11,2014,14,172,6,0
35,0,2014,14,177,1,0
35,0,2014,14,60,1,0
35,11,2014,14,149,1,0
35,11,2014,14,147,1,0
8,12,2014,1,31,8,1
8,12,2014,1,160,1,1
8,12,2014,1,233,1,1
8,12,2014,1,83,1,1
51,7,2014,1,104,10,1
51,7,2014,1,17,1,1
51,7,2014,1,170,1,1
51,7,2014,1,177,1,1
35,0,2014,19,177,1,0
35,10,2014,19,149,2,0
35,0,2014,19,60,1,0
35,10,2014,19,172,4,0
35,10,2014,19,147,1,0
35,369,2014,19,26,2,0
8,5,2014,1,233,6,1
8,5,2014,1,31,9,1
8,5,2014,1,160,2,1
8,5,2014,1,83,1,1
8,17,2014,1,104,1,1
39,2785,2014,103,92,3,1
39,2785,2014,103,210,2,1
39,2785,2014,103,87,1,1
8,1,2014,1,233,3,1
8,1,2014,1,31,9,1
8,1,2014,1,160,2,1
8,1,2014,1,83,1,1
8,1,2014,1,104,1,1
35,0,2014,21,177,1,0
35,0,2014,21,60,1,0
35,15,2014,21,172,4,0
35,15,2014,21,149,1,0
35,15,2014,21,147,1,0
35,374,2014,21,26,2,0
8,0,2014,3,233,7,0
8,0,2014,3,31,10,0
8,48,2014,3,230,1,0
8,20,2014,3,57,2,0
8,0,2014,3,83,1,0
8,0,2014,3,160,1,0
8,53,2014,60,233,3,1
8,53,2014,60,31,9,1
8,53,2014,60,104,3,1
8,33,2014,60,57,2,1
8,53,2014,60,83,1,1
8,0,2014,60,101,1,1
8,35,2014,60,232,1,1
8,53,2014,60,160,1,1
51,9,2014,1,104,10,1
51,9,2014,1,17,1,1
51,9,2014,1,170,1,1
51,9,2014,1,177,1,1
8,0,2014,1,233,6,1
8,0,2014,1,31,10,1
8,55,2014,1,230,1,1
8,0,2014,1,104,3,1
8,0,2014,1,57,2,1
8,0,2014,1,83,1,1
8,0,2014,1,101,1,1
8,0,2014,1,232,1,1
8,0,2014,1,160,2,1
8,33,2014,1,177,1,1
35,30,2014,1,147,2,0
35,388,2014,1,104,1,0
35,0,2014,1,177,1,0
35,0,2014,1,60,1,0
35,30,2014,1,172,2,0
35,30,2014,1,149,1,0
35,15,2014,59,149,11,0
35,343,2014,59,104,3,0
35,15,2014,59,172,5,0
35,15,2014,59,147,1,0
35,0,2014,59,177,1,0
35,393,2014,1,104,1,0
35,0,2014,1,60,1,0
35,35,2014,1,172,2,0
35,0,2014,1,177,1,0
35,405,2014,1,104,1,0
35,0,2014,1,177,1,0
35,0,2014,1,60,1,0
35,47,2014,1,172,2,0
35,47,2014,1,149,1,0
8,5,2014,6,160,5,1
8,5,2014,6,233,6,1
8,5,2014,6,31,11,1
8,5,2014,6,57,2,1
8,5,2014,6,104,2,1
8,5,2014,6,83,1,1
51,12,2014,1,104,8,1
51,12,2014,1,17,1,1
51,12,2014,1,170,2,1
51,12,2014,1,177,1,1
8,2,2014,4,160,5,1
8,2,2014,4,233,5,1
8,2,2014,4,31,11,1
8,2,2014,4,57,2,1
8,2,2014,4,104,3,1
8,2,2014,4,83,1,1
8,9,2014,4,232,1,1
50,0,2014,109,111,7,1
50,189,2014,109,104,3,1
8,1,2014,4,160,5,1
8,1,2014,4,233,5,1
8,1,2014,4,31,11,1
8,1,2014,4,57,3,1
8,1,2014,4,104,2,1
8,1,2014,4,83,1,1
8,4858,2014,4,191,1,1
8,1,2014,4,232,1,1
51,7,2014,1,104,8,1
51,7,2014,1,17,1,1
51,7,2014,1,170,2,1
51,7,2014,1,177,1,1
50,54,2014,109,222,1,1
50,54,2014,109,57,1,1
50,109,2014,109,111,2,1
50,54,2014,109,115,1,1
50,54,2014,109,230,1,1
50,54,2014,109,64,1,1
50,54,2014,109,130,1,1
35,410,2014,1,104,1,0
35,0,2014,1,177,1,0
35,0,2014,1,60,1,0
35,52,2014,1,172,2,0
35,52,2014,1,149,1,0
35,38,2014,1,149,18,0
35,38,2014,1,172,3,0
35,396,2014,1,104,1,0
35,0,2014,1,177,1,0
35,0,2014,1,220,1,0
35,0,2014,1,60,1,0
35,0,2014,1,120,1,0
35,415,2014,1,104,1,0
35,0,2014,1,177,1,0
35,0,2014,1,60,1,0
35,57,2014,1,172,3,0
35,57,2014,1,149,1,0
51,62,2014,3,104,4,0
51,0,2014,3,67,2,0
51,62,2014,3,170,1,0
8,3,2014,5,233,1,1
8,3,2014,5,31,2,1
8,3,2014,5,57,4,1
8,3,2014,5,160,2,1
8,3,2014,5,104,6,1
8,45,2014,5,216,1,1
8,19,2014,5,177,1,1
8,3,2014,5,232,1,1
8,82,2014,5,196,1,1
8,82,2014,5,87,1,1
8,0,2014,5,21,1,1
8,75,2014,5,9,1,1
8,82,2014,5,11,1,1
35,30,2014,32,147,3,0
35,388,2014,32,104,1,0
35,30,2014,32,149,6,0
35,0,2014,32,177,1,0
35,0,2014,32,60,1,0
35,30,2014,32,172,4,0
8,2,2014,1,104,3,1
8,2,2014,1,232,1,1
8,2,2014,1,21,1,1
8,2,2014,1,31,1,1
8,2,2014,1,160,1,1
8,2,2014,1,9,1,1
8,2,2014,1,233,2,1
8,2,2014,1,57,1,1
8,2,2014,1,11,2,1
8,2,2014,1,216,1,1
35,65,2014,1,149,8,0
35,423,2014,1,104,1,0
35,0,2014,1,177,1,0
35,0,2014,1,60,1,0
35,65,2014,1,172,3,0
8,0,2014,4,104,4,1
8,0,2014,4,232,1,1
8,0,2014,4,31,1,1
8,0,2014,4,160,1,1
8,2,2014,4,177,1,1
8,0,2014,4,233,1,1
8,0,2014,4,9,1,1
8,56,2014,4,186,2,1
8,0,2014,4,11,1,1
8,0,2014,4,57,1,1
8,0,2014,2,104,2,1
8,0,2014,2,160,3,1
8,0,2014,2,31,2,1
8,0,2014,2,186,1,1
8,0,2014,2,233,3,1
8,0,2014,2,9,1,1
8,93,2014,2,115,1,1
8,0,2014,2,11,1,1
8,0,2014,2,57,1,1
35,75,2014,1,149,2,0
35,75,2014,1,172,6,0
35,433,2014,1,104,1,0
35,0,2014,1,177,1,0
35,0,2014,1,60,1,0
35,0,2014,2,120,1,0
35,431,2014,2,104,1,0
35,73,2014,2,149,6,0
35,0,2014,2,177,1,0
35,0,2014,2,60,1,0
35,73,2014,2,172,3,0
8,0,2014,4,104,4,1
8,2,2014,4,232,1,1
8,0,2014,4,31,2,1
8,0,2014,4,160,1,1
8,0,2014,4,57,2,1
8,0,2014,4,233,1,1
8,0,2014,4,9,1,1
8,1,2014,1,104,2,1
8,1,2014,1,232,1,1
8,1,2014,1,31,2,1
8,1,2014,1,9,1,1
8,1,2014,1,160,2,1
8,1,2014,1,233,1,1
8,1,2014,1,57,1,1
50,109,2014,116,222,1,1
50,109,2014,116,111,2,1
8,1,2014,2,160,2,1
8,1,2014,2,232,1,1
8,1,2014,2,104,2,1
8,0,2014,2,173,1,1
8,1,2014,2,31,1,1
8,1,2014,2,9,1,1
8,1,2014,2,233,1,1
8,1,2014,2,57,1,1
8,0,2014,2,131,1,1
35,77,2014,1,147,2,0
35,435,2014,1,104,1,0
35,0,2014,1,177,1,0
35,0,2014,1,60,1,0
35,77,2014,1,172,3,0
35,77,2014,1,149,1,0
8,1,2014,2,104,3,1
8,1,2014,2,232,1,1
8,1,2014,2,31,1,1
8,1,2014,2,160,1,1
8,1,2014,2,9,1,1
8,1,2014,2,233,1,1
8,1,2014,3,104,3,1
8,1,2014,3,232,1,1
8,6456,2014,3,51,1,1
8,1,2014,3,31,2,1
8,1,2014,3,160,1,1
8,13,2014,3,186,3,1
8,1,2014,3,233,1,1
8,1,2014,3,9,3,1
8,13,2014,3,115,1,1
8,4,2014,3,57,1,1
8,0,2014,5,233,1,1
8,0,2014,5,31,2,1
8,0,2014,5,9,3,1
8,0,2014,5,104,3,1
8,0,2014,5,51,2,1
8,0,2014,5,57,3,1
8,0,2014,5,186,2,1
8,0,2014,5,232,1,1
8,0,2014,5,160,1,1
8,24,2014,5,87,1,1
8,18,2014,5,177,1,1
8,2,2014,1,104,3,1
8,2,2014,1,232,1,1
8,2,2014,1,31,1,1
8,2,2014,1,186,1,1
8,2,2014,1,160,1,1
8,2,2014,1,233,1,1
8,2,2014,1,9,1,1
8,23,2014,1,11,1,1
8,29,2014,1,216,1,1
8,2,2014,1,57,2,1
8,2,2014,1,51,1,1
8,1,2014,4,104,5,1
8,1,2014,4,31,2,1
8,1,2014,4,160,2,1
8,1,2014,4,186,1,1
8,1,2014,4,233,1,1
8,1,2014,4,9,1,1
8,1,2014,4,11,1,1
8,1,2014,4,216,1,1
8,1,2014,4,57,3,1
8,360,2013,361,104,3,1
8,352,2013,361,177,1,1
8,360,2013,361,9,1,1
8,360,2013,361,31,1,1
8,360,2013,361,233,1,1
8,360,2013,361,160,1,1
8,360,2013,361,186,2,1
8,360,2013,361,57,2,1
8,0,2014,4,104,1,1
8,0,2014,4,9,1,1
8,0,2014,4,31,1,1
8,0,2014,4,160,1,1
8,0,2014,4,233,1,1
8,0,2014,4,186,1,1
8,0,2014,4,57,1,1
8,1,2014,1,104,2,1
8,9,2014,1,232,1,1
8,1,2014,1,9,1,1
8,1,2014,1,160,1,1
8,1,2014,1,233,1,1
8,1,2014,1,104,2,1
8,1,2014,1,233,1,1
8,1,2014,1,57,1,1
8,123,2014,1,42,1,1
8,1,2014,4,104,3,1
8,3,2014,4,31,3,1
8,3,2014,4,160,2,1
8,0,2014,4,197,1,1
8,1,2014,4,233,2,1
8,1,2014,4,57,1,1
8,8,2014,4,11,1,1
8,1,2014,4,42,1,1
8,1,2014,1,57,2,1
8,1,2014,1,104,4,1
8,1,2014,1,160,1,1
8,1,2014,1,233,1,1
8,24,2014,1,115,1,1
8,1,2014,1,42,1,1
8,1,2014,1,104,2,1
8,1,2014,1,233,1,1
8,1,2014,1,115,1,1
8,1,2014,1,42,1,1
8,6,2014,1,104,2,1
8,65,2014,1,83,1,1
8,6,2014,1,42,1,1
8,81,2014,1,230,4,1
8,6,2014,1,233,1,1
8,4183,2014,1,55,1,1
8,736,2014,1,130,1,1
8,0,2014,1,104,2,1
8,8,2014,1,31,2,1
8,8,2014,1,160,2,1
8,8,2014,1,57,1,1
8,0,2014,1,233,3,1
8,15,2014,1,186,1,1
8,6,2014,1,115,1,1
8,0,2014,1,230,1,1
8,9,2014,10,9,7,0
8,5,2014,1,104,2,1
8,5,2014,1,186,1,1
8,5,2014,1,31,1,1
8,5,2014,1,233,1,1
8,24,2014,1,177,1,1
8,20,2014,1,9,1,1
8,5,2014,1,230,1,1
8,5,2014,1,57,1,1
51,21,2014,50,104,9,1
51,21,2014,50,170,2,1
51,21,2014,50,17,1,1
51,21,2014,50,177,1,1
50,8,2014,13,64,4,1
8,5,2014,14,230,6,0
8,0,2014,14,83,1,0
8,0,2014,14,55,1,0
8,5,2014,14,104,1,0
42,2303,2014,6,104,8,1
8,20,2014,10,104,7,1
35,36,2014,119,149,5,0
35,0,2014,119,139,1,0
35,394,2014,119,104,2,0
35,0,2014,119,177,1,0
35,0,2014,119,60,1,0
35,36,2014,119,172,3,0
35,149,2014,8,149,3,0
35,0,2014,8,167,3,0
35,507,2014,8,104,2,0
35,0,2014,8,177,1,0
35,0,2014,8,60,1,0
35,507,2014,8,145,2,0
35,149,2014,8,172,3,0
8,0,2014,14,236,6,1
8,22,2014,14,233,1,1
69,657,2014,24,11,11,1
35,15,2014,183,149,8,0
35,343,2014,183,104,1,0
35,0,2014,183,177,1,0
35,0,2014,183,60,1,0
35,0,2014,183,120,1,0
35,15,2014,183,172,3,0
62,284,2014,31,196,6,0
62,0,2014,31,64,1,0
62,284,2014,31,104,2,0
35,510,2014,22,104,2,0
35,0,2014,22,120,2,0
35,0,2014,22,177,1,0
35,152,2014,22,149,2,0
35,0,2014,22,60,1,0
35,152,2014,22,16,1,0
35,152,2014,22,172,2,0
51,47,2014,1,170,4,1
51,47,2014,1,104,1,1
35,164,2014,16,149,2,0
35,164,2014,16,172,3,0
35,522,2014,16,104,1,0
35,0,2014,16,177,1,0
35,0,2014,16,60,1,0
35,522,2014,16,145,2,0
8,191,2014,5,25,4,1
8,19,2014,5,104,3,1
8,111,2014,5,196,1,1
8,49,2014,5,31,1,1
8,49,2014,5,9,1,1
35,163,2014,20,149,5,0
35,0,2014,20,203,1,0
35,521,2014,20,104,1,0
35,0,2014,20,177,1,0
35,0,2014,20,60,1,0
35,163,2014,20,172,3,0
35,164,2014,23,149,6,1
35,522,2014,23,104,1,1
35,0,2014,23,177,1,1
35,0,2014,23,60,1,1
35,164,2014,23,172,3,1
21,0,2014,3,76,9,1
21,0,2014,3,126,1,1
21,4863,2014,3,104,1,1
69,24,2014,23,11,8,1
50,381,2014,20,210,2,1
50,83,2014,20,104,2,1
50,0,2014,20,202,2,1
51,17,2014,10,170,4,1
51,17,2014,10,104,1,1
35,18,2014,26,104,2,0
35,18,2014,26,177,1,0
35,18,2014,26,60,1,0
35,18,2014,26,149,6,0
35,18,2014,26,172,3,0
16,1855,2014,65,104,2,1
16,0,2014,65,202,3,1
35,3,2014,17,149,7,1
35,3,2014,17,104,2,1
35,3,2014,17,177,1,1
35,3,2014,17,60,1,1
35,3,2014,17,172,4,1
47,1086,2014,130,104,1,0
47,0,2014,130,111,2,0
35,10,2014,28,104,2,0
35,10,2014,28,177,1,0
35,10,2014,28,60,1,0
35,10,2014,28,149,8,0
35,10,2014,28,172,4,0
51,31,2014,1,170,12,1
51,31,2014,1,104,1,1
35,19,2014,8,149,4,0
35,19,2014,8,104,2,0
35,19,2014,8,177,1,0
35,19,2014,8,60,1,0
35,19,2014,8,172,4,0
11,0,2014,1,170,4,1
11,0,2014,1,104,1,1
51,11,2014,1,170,3,1
51,116,2014,1,17,1,1
8,0,2014,1,73,1,1
8,2657,2014,1,121,6,1
8,66,2014,1,104,2,1
8,84,2014,1,233,1,1
35,0,2014,11,140,1,0
35,30,2014,11,104,2,0
35,30,2014,11,177,1,0
35,30,2014,11,60,1,0
35,30,2014,11,149,4,0
35,30,2014,11,172,3,0
35,0,2014,1,220,1,0
35,0,2014,1,140,1,0
35,36,2014,1,104,2,0
35,36,2014,1,177,1,0
35,36,2014,1,60,1,0
35,36,2014,1,172,4,0
35,36,2014,1,149,1,0
35,602,2014,1,26,1,0
35,0,2014,5,140,1,0
35,42,2014,5,104,2,0
35,42,2014,5,177,1,0
35,0,2014,5,157,1,0
35,42,2014,5,60,1,0
35,42,2014,5,149,4,0
35,42,2014,5,172,4,0
35,0,2015,3,140,1,0
35,49,2015,3,104,1,0
35,49,2015,3,60,1,0
35,0,2015,3,220,2,0
35,49,2015,3,172,3,0
35,49,2015,3,177,1,0
51,17,2015,1,170,13,1
35,0,2015,3,140,1,1
35,48,2015,3,104,2,1
35,48,2015,3,177,1,1
35,48,2015,3,149,4,1
35,48,2015,3,60,1,1
35,48,2015,3,172,3,1
35,8,2015,1,140,1,0
35,8,2015,1,104,1,0
35,8,2015,1,60,1,0
35,0,2015,1,220,2,0
35,8,2015,1,172,2,0
35,8,2015,1,177,1,0
51,38,2015,1,104,1,1
51,27,2015,1,17,3,1
51,10,2015,1,170,2,1
51,133,2015,17,177,5,1
51,10,2015,17,17,1,1
35,14,2014,27,140,1,0
35,14,2014,27,104,2,0
35,14,2014,27,177,1,0
35,14,2014,27,149,4,0
35,14,2014,27,172,3,0
51,34,2014,46,170,11,1
35,25,2015,1,140,1,0
35,25,2015,1,172,6,0
35,25,2015,1,104,1,0
35,25,2015,1,177,1,0
35,640,2015,1,145,2,0
35,24,2015,1,140,1,0
35,24,2015,1,104,1,0
35,24,2015,1,172,3,0
35,24,2015,1,177,1,0
35,11,2015,15,140,1,0
35,11,2015,15,104,2,0
35,11,2015,15,149,4,0
35,11,2015,15,177,1,0
35,11,2015,15,172,3,0
11,0,2015,1,170,4,1
11,48,2015,1,104,1,1
35,0,2015,1,117,3,0
35,34,2015,1,104,2,0
35,34,2015,1,140,1,0
35,0,2015,1,53,1,0
35,650,2015,1,145,1,0
35,34,2015,1,172,2,0
35,34,2015,1,177,1,0
35,34,2015,1,149,1,0
44,1183,2014,54,104,25,1
44,0,2014,54,116,1,1
44,1183,2014,54,29,3,1
44,1183,2014,54,177,5,1
44,1183,2014,54,111,3,1
35,27,2015,6,140,1,0
35,27,2015,6,104,2,0
35,27,2015,6,177,1,0
35,27,2015,6,149,4,0
35,27,2015,6,172,3,0
35,30,2015,11,149,16,0
35,0,2015,11,203,1,0
35,30,2015,11,140,1,0
35,30,2015,11,172,3,0
35,30,2015,11,104,3,0
35,30,2015,11,177,1,0
35,38,2015,7,149,5,0
35,38,2015,7,140,1,0
35,38,2015,7,104,2,0
35,38,2015,7,177,1,0
35,38,2015,7,60,1,0
35,38,2015,7,172,4,0
51,24,2015,1,17,2,1
51,19,2015,1,170,3,1
35,38,2015,9,149,6,0
35,38,2015,9,140,1,0
35,38,2015,9,104,2,0
35,38,2015,9,177,1,0
35,38,2015,9,60,1,0
35,0,2015,9,72,1,0
35,38,2015,9,172,5,0
44,0,2014,424,12,1,1
44,0,2014,424,128,1,1
44,0,2014,424,241,1,1
35,30,2015,27,140,1,0
35,651,2015,27,126,1,0
35,30,2015,27,104,1,0
35,30,2015,27,177,1,0
35,30,2015,27,60,1,0
35,30,2015,27,172,4,0
35,39,2015,17,149,5,0
35,39,2015,17,140,1,0
35,39,2015,17,104,2,0
35,39,2015,17,177,1,0
35,39,2015,17,60,1,0
35,39,2015,17,172,4,0
35,675,2015,1,145,2,0
35,59,2015,1,140,1,0
35,59,2015,1,104,1,0
35,59,2015,1,172,3,0
35,59,2015,1,177,1,0
51,35,2015,49,170,12,1
67,624,2015,38,179,3,1
67,624,2015,38,186,4,1
57,0,2015,1,11,2,1
35,38,2015,23,149,8,0
35,38,2015,23,140,1,0
35,38,2015,23,104,2,0
35,38,2015,23,177,1,0
35,38,2015,23,60,1,0
35,38,2015,23,172,5,0
35,45,2015,27,149,8,0
35,45,2015,27,140,1,0
35,45,2015,27,104,2,0
35,45,2015,27,177,1,0
35,303,2015,27,147,1,0
35,45,2015,27,60,1,0
35,45,2015,27,172,5,0
35,74,2015,7,149,9,0
35,74,2015,7,140,1,0
35,74,2015,7,104,2,0
35,74,2015,7,177,1,0
35,74,2015,7,60,1,0
35,74,2015,7,172,5,0
51,32,2015,1,170,8,1
35,70,2015,23,149,5,0
35,70,2015,23,140,1,0
35,70,2015,23,104,2,0
35,70,2015,23,177,1,0
35,70,2015,23,60,1,0
35,70,2015,23,172,5,0
67,63,2015,114,179,6,1
35,95,2015,6,149,5,0
35,95,2015,6,104,2,0
35,95,2015,6,177,1,0
35,95,2015,6,60,1,0
35,95,2015,6,172,4,0
35,112,2015,1,104,2,0
35,112,2015,1,177,1,0
35,112,2015,1,60,1,0
35,112,2015,1,172,3,0
35,112,2015,1,149,2,0
35,370,2015,1,147,3,0
35,112,2015,1,104,1,0
35,112,2015,1,177,1,0
35,112,2015,1,60,1,0
35,112,2015,1,172,3,0
8,5313,2015,1,176,5,0
8,134,2015,1,104,3,0
8,134,2015,1,73,1,0
8,134,2015,1,233,1,0
51,29,2015,1,170,8,1
67,114,2015,131,179,4,1
67,63,2015,131,186,1,1
67,5878,2015,131,111,1,1
67,599,2015,131,104,1,1
67,599,2015,131,25,1,1
67,0,2015,131,118,1,1
35,110,2015,10,104,1,0
35,110,2015,10,149,6,0
35,110,2015,10,177,1,0
35,110,2015,10,60,1,0
35,110,2015,10,172,4,0
35,0,2015,10,220,1,0
35,124,2015,1,104,1,0
35,124,2015,1,172,5,0
35,124,2015,1,177,1,0
35,124,2015,1,60,1,0
35,0,2015,1,220,2,0
35,110,2015,18,104,1,0
35,110,2015,18,149,6,0
35,110,2015,18,177,1,0
35,110,2015,18,60,1,0
35,110,2015,18,172,5,0
35,0,2015,18,220,1,0
35,126,2015,6,104,1,0
35,126,2015,6,60,1,0
35,742,2015,6,145,2,0
35,126,2015,6,172,3,0
35,126,2015,6,177,1,0
35,99,2015,33,104,2,0
35,99,2015,33,177,1,0
35,99,2015,33,60,1,0
35,715,2015,33,145,1,0
35,99,2015,33,172,5,0
35,99,2015,33,149,1,0
35,0,2015,33,220,1,0
35,0,2015,33,144,1,0
35,129,2015,1,104,1,0
35,129,2015,1,172,7,0
35,129,2015,1,177,1,0
35,129,2015,1,60,1,0
35,0,2015,1,220,1,0
35,119,2015,16,104,1,0
35,119,2015,16,149,4,0
35,119,2015,16,177,1,0
35,119,2015,16,60,1,0
35,119,2015,16,172,5,0
35,0,2015,16,220,1,0
63,1159,2015,1,104,7,0
63,0,2015,1,160,1,0
35,99,2015,41,104,2,0
35,99,2015,41,177,1,0
35,99,2015,41,60,1,0
35,715,2015,41,145,1,0
35,99,2015,41,172,5,0
35,99,2015,41,149,1,0
35,0,2015,41,220,1,0
35,0,2015,41,144,1,0
35,140,2015,1,104,4,0
35,0,2015,1,170,3,0
35,0,2015,1,17,1,0
35,140,2015,1,172,4,0
35,141,2015,1,104,2,0
35,141,2015,1,177,1,0
35,141,2015,1,60,1,0
35,141,2015,1,172,4,0
35,133,2015,1,104,1,0
35,133,2015,1,60,1,0
35,749,2015,1,145,2,0
35,133,2015,1,172,3,0
35,133,2015,1,177,1,0
35,128,2015,8,104,1,0
35,128,2015,8,149,2,0
35,128,2015,8,177,1,0
35,128,2015,8,60,1,0
35,128,2015,8,172,5,0
35,0,2015,8,220,1,0
35,117,2015,25,104,2,0
35,117,2015,25,177,1,0
35,117,2015,25,60,1,0
35,117,2015,25,172,4,0
35,140,2015,1,104,1,0
35,140,2015,1,172,5,0
35,140,2015,1,60,1,0
35,140,2015,1,177,1,0
35,0,2015,1,220,1,0
35,128,2015,15,104,1,0
35,128,2015,15,149,3,0
35,128,2015,15,177,1,0
35,128,2015,15,60,1,0
35,128,2015,15,172,5,0
35,0,2015,15,220,1,0
35,115,2015,30,104,3,0
35,115,2015,30,177,1,0
35,115,2015,30,60,1,0
35,115,2015,30,172,5,0
35,126,2015,20,104,3,0
35,126,2015,20,177,1,0
35,126,2015,20,60,1,0
35,126,2015,20,172,4,0
35,125,2015,21,104,1,0
35,125,2015,21,149,2,0
35,125,2015,21,177,1,0
35,125,2015,21,60,1,0
35,125,2015,21,172,5,0
35,0,2015,21,220,1,0
35,133,2015,14,104,3,0
35,133,2015,14,177,1,0
35,133,2015,14,60,1,0
35,133,2015,14,172,5,0
35,129,2015,19,104,3,0
35,129,2015,19,177,1,0
35,129,2015,19,60,1,0
35,129,2015,19,172,4,0
35,137,2015,12,104,3,0
35,137,2015,12,177,1,0
35,137,2015,12,60,1,0
35,137,2015,12,172,4,0
35,145,2015,1,104,1,0
35,145,2015,1,172,5,0
35,145,2015,1,177,1,0
35,145,2015,1,60,1,0
35,121,2015,29,149,4,1
35,121,2015,29,104,1,1
35,121,2015,29,177,1,1
35,121,2015,29,60,1,1
35,121,2015,29,172,4,1
35,0,2015,29,220,1,1
35,0,2015,4,104,2,1
35,0,2015,4,60,1,1
35,0,2015,4,172,3,1
35,0,2015,4,177,1,1
44,91,2015,31,104,2,0
44,1328,2015,31,66,7,0
44,0,2015,31,170,1,0
51,34,2015,1,170,9,1
51,140,2015,1,104,1,1
35,3,2015,1,104,1,0
35,3,2015,1,172,4,0
35,3,2015,1,60,1,0
35,3,2015,1,177,1,0
35,17,2015,17,104,1,1
35,13,2015,17,149,4,1
35,17,2015,17,177,1,1
35,17,2015,17,60,1,1
35,17,2015,17,172,5,1
35,13,2015,17,220,1,1
35,1,2015,3,104,2,1
35,1,2015,3,177,1,1
35,1,2015,3,60,1,1
35,1,2015,3,172,4,1
35,772,2015,3,26,1,1
35,1,2015,2,104,2,1
35,1,2015,2,177,1,1
35,1,2015,2,60,1,1
35,1,2015,2,172,3,1
35,417,2015,2,16,1,1
35,0,2015,1,79,1,0
35,1,2015,1,104,1,0
35,1,2015,1,60,1,0
35,1,2015,1,172,3,0
35,1,2015,1,177,1,0
35,6,2015,1,220,1,0
35,62,2015,60,104,1,1
35,55,2015,60,149,2,1
35,62,2015,60,177,1,1
35,62,2015,60,60,1,1
35,62,2015,60,172,5,1
35,55,2015,60,220,1,1
35,3,2015,3,104,2,0
35,3,2015,3,60,1,0
35,3,2015,3,172,3,0
35,3,2015,3,177,1,0
35,1,2015,5,104,1,0
35,1,2015,5,172,5,0
35,1,2015,5,177,1,0
35,1,2015,5,60,1,0
35,7,2015,2,104,2,0
35,7,2015,2,60,1,0
35,7,2015,2,172,3,0
35,7,2015,2,177,1,0
35,0,2015,3,144,1,0
35,10,2015,3,104,2,0
35,10,2015,3,60,1,0
35,10,2015,3,172,4,0
35,10,2015,3,177,1,0
35,18,2015,31,104,1,1
35,18,2015,31,149,3,1
35,18,2015,31,177,1,1
35,18,2015,31,60,1,1
35,18,2015,31,172,5,1
35,18,2015,31,220,1,1
35,1,2015,2,104,2,1
35,1,2015,2,177,2,1
35,1,2015,2,60,1,1
35,1,2015,2,172,3,1
35,173,2015,2,140,1,1
35,1,2015,3,104,2,0
35,1,2015,3,177,2,0
35,1,2015,3,60,1,0
35,1,2015,3,172,3,0
35,3,2015,1,104,2,0
35,0,2015,1,117,4,0
35,3,2015,1,172,4,0
35,0,2015,1,1,1,0
35,3,2015,1,177,1,0
35,794,2015,1,145,1,0
35,0,2015,1,52,1,0
35,6,2015,1,149,4,0
35,0,2015,1,163,1,0
35,4,2015,7,104,3,0
35,0,2015,7,117,3,0
35,0,2015,7,53,1,0
35,4,2015,7,172,2,0
35,4,2015,7,177,1,0
35,5,2015,2,104,2,0
35,5,2015,2,60,1,0
35,5,2015,2,172,3,0
35,5,2015,2,177,1,0
35,15,2015,2,104,1,0
35,15,2015,2,60,1,0
35,15,2015,2,172,2,0
35,15,2015,2,177,1,0
35,12,2015,2,149,1,0
35,12,2015,2,220,1,0
11,152,2015,1,170,5,1
11,152,2015,1,104,2,1
35,8,2015,3,104,2,0
35,8,2015,3,60,1,0
35,8,2015,3,172,3,0
35,8,2015,3,177,1,0
35,12,2015,2,104,2,0
35,12,2015,2,60,1,0
35,12,2015,2,172,3,0
35,12,2015,2,177,1,0
51,34,2015,1,170,7,1
51,34,2015,1,104,1,1
35,15,2015,3,104,2,0
35,15,2015,3,60,1,0
35,15,2015,3,172,3,0
35,15,2015,3,177,1,0
67,11,2015,14,179,2,1
67,11,2015,14,25,1,1
35,1,2015,13,149,5,0
35,2,2015,13,104,2,0
35,2,2015,13,177,1,0
35,2,2015,13,60,1,0
35,2,2015,13,172,4,0
50,205,2015,37,202,4,1
50,205,2015,37,104,1,1
35,13,2015,9,104,2,0
35,16,2015,9,149,3,0
35,13,2015,9,177,1,0
35,13,2015,9,60,1,0
35,13,2015,9,172,5,0
35,21,2015,5,104,2,0
35,21,2015,5,177,1,0
35,21,2015,5,60,1,0
35,24,2015,5,149,3,0
35,21,2015,5,172,5,0
62,0,2015,23,236,5,0
62,578,2015,23,196,2,0
35,1,2015,38,104,2,1
35,2,2015,38,149,4,1
35,1,2015,38,177,1,1
35,1,2015,38,60,1,1
35,1,2015,38,172,5,1
35,11,2015,14,104,2,1
35,11,2015,14,177,1,1
35,11,2015,14,149,3,1
35,11,2015,14,60,1,1
35,11,2015,14,172,5,1
35,13,2015,19,104,2,1
35,13,2015,19,177,1,1
35,13,2015,19,60,1,1
35,13,2015,19,149,3,1
35,13,2015,19,172,5,1
35,19,2015,22,104,2,1
35,19,2015,22,177,1,1
35,19,2015,22,60,1,1
35,19,2015,22,149,2,1
35,19,2015,22,172,5,1
35,9,2015,14,104,2,1
35,9,2015,14,177,1,1
35,9,2015,14,60,1,1
35,9,2015,14,149,2,1
35,9,2015,14,172,5,1
50,0,2015,67,190,2,1
50,28,2015,67,104,1,1
35,40,2015,16,140,1,1
35,14,2015,16,104,2,1
35,14,2015,16,177,1,1
35,14,2015,16,149,2,1
35,14,2015,16,60,1,1
35,14,2015,16,172,5,1
35,57,2015,16,26,2,1
35,15,2015,14,104,2,1
35,15,2015,14,149,4,1
35,15,2015,14,177,1,1
35,15,2015,14,60,1,1
35,15,2015,14,172,5,1
35,1,2015,3,104,1,1
35,1,2015,3,60,1,1
35,1,2015,3,172,4,1
35,1,2015,3,177,1,1
35,0,2015,3,26,2,1
16,286,2015,13,104,2,1
16,286,2015,13,202,2,1
35,10,2015,16,149,6,1
35,14,2015,16,104,2,1
35,14,2015,16,177,1,1
35,14,2015,16,60,1,1
35,14,2015,16,172,5,1
35,12,2015,18,149,5,1
35,12,2015,18,104,2,1
35,12,2015,18,177,1,1
35,12,2015,18,60,1,1
35,12,2015,18,172,5,1
39,6421,2015,67,42,8,1
62,0,2015,1,9,4,0
35,18,2015,21,149,5,1
35,18,2015,21,104,2,1
35,18,2015,21,177,1,1
35,18,2015,21,60,1,1
35,18,2015,21,172,5,1
47,0,2015,56,76,10,0
47,1439,2015,56,104,2,0
47,4633,2015,56,177,1,0
62,0,2015,1,236,5,0
62,601,2015,1,104,1,0
35,16,2015,15,104,1,1
35,16,2015,15,177,1,1
35,16,2015,15,60,1,1
35,16,2015,15,172,5,1
35,5,2015,15,26,2,1
35,22,2015,1,140,1,0
35,9,2015,1,104,1,0
35,9,2015,1,60,1,0
35,9,2015,1,172,3,0
35,9,2015,1,177,1,0
35,16,2015,23,149,4,1
35,15,2015,23,104,3,1
35,15,2015,23,177,1,1
35,15,2015,23,60,1,1
35,15,2015,23,172,5,1
35,15,2015,23,26,1,1
39,2582,2015,1,53,5,1
35,1,2015,10,104,2,0
35,1,2015,10,177,1,0
35,1,2015,10,149,4,0
35,1,2015,10,60,1,0
35,1,2015,10,172,4,0
35,0,2015,5,104,1,0
35,0,2015,5,60,1,0
35,0,2015,5,172,4,0
35,0,2015,5,177,1,0
35,0,2015,5,26,2,0
50,62,2015,31,104,15,1
50,0,2015,31,63,3,1
50,744,2015,31,177,2,1
35,3,2015,16,104,1,0
35,3,2015,16,60,1,0
35,3,2015,16,172,3,0
35,3,2015,16,177,1,0
35,3,2015,16,26,2,0
35,22,2015,35,104,2,0
35,22,2015,35,177,1,0
35,22,2015,35,60,1,0
35,22,2015,35,149,2,0
35,22,2015,35,172,5,0
39,23,2015,1,53,17,1
51,64,2015,26,170,6,1
51,64,2015,26,104,1,1
39,43,2015,1,42,6,1
39,778,2015,1,104,1,1
66,0,2015,8,111,8,1
66,0,2015,8,116,3,1
66,0,2015,8,104,2,1
66,0,2015,8,66,1,1
35,16,2015,41,104,2,0
35,16,2015,41,177,1,0
35,16,2015,41,60,1,0
35,16,2015,41,149,2,0
35,16,2015,41,172,5,0
35,24,2015,1,104,1,1
35,24,2015,1,177,1,1
35,24,2015,1,60,1,1
35,24,2015,1,172,4,1
35,5,2015,7,104,2,1
35,29,2015,7,149,5,1
35,5,2015,7,177,1,1
35,5,2015,7,60,1,1
35,5,2015,7,172,4,1
66,0,2015,1,4,3,0
55,2171,2015,1,104,2,1
55,0,2015,1,16,4,1
55,0,2015,1,176,1,1
35,2,2015,6,104,2,1
35,2,2015,6,149,3,1
35,2,2015,6,177,1,1
35,2,2015,6,60,1,1
35,2,2015,6,172,5,1
51,13,2015,41,170,5,1
51,13,2015,41,104,1,1
66,0,2015,1,199,1,0
66,0,2015,1,4,3,0
40,4567,2015,13,104,13,1
40,0,2015,13,144,2,1
40,4567,2015,13,177,1,1
67,142,2015,1,111,11,0
67,142,2015,1,104,2,0
39,35,2015,2,42,24,1
39,0,2015,2,234,1,1
39,45,2015,1,53,21,1
39,34,2015,1,104,1,1
39,0,2015,1,26,2,1
39,0,2015,1,172,1,1
67,193,2015,1,111,12,0
67,193,2015,1,104,1,0
66,0,2015,1,38,4,0
66,39,2015,1,104,1,0
66,0,2015,1,44,5,0
66,26,2015,1,104,1,0
66,0,2015,1,62,4,0
66,42,2015,1,104,1,0
66,41,2015,1,104,2,0
66,0,2015,1,29,6,0
66,0,2015,1,166,6,0
35,35,2015,61,149,4,0
35,35,2015,61,104,2,0
35,35,2015,61,177,1,0
35,35,2015,61,60,1,0
35,35,2015,61,172,3,0
66,0,2015,1,212,7,0
66,47,2015,1,104,1,0
39,1246,2015,1,230,8,1
39,4304,2015,1,110,1,1
67,207,2015,3,111,12,0
67,207,2015,3,104,1,0
50,8,2015,69,104,11,1
50,8,2015,69,63,3,1
50,8,2015,69,177,2,1
51,8,2015,22,170,5,1
51,8,2015,22,104,1,1
66,0,2015,96,20,9,1
66,0,2015,96,196,1,1
66,0,2015,96,9,1,1
66,0,2015,1,171,2,1
66,61,2015,1,104,1,1
50,0,2015,2,39,5,1
50,3,2015,2,104,1,1
66,0,2015,3,212,6,1
66,2,2015,3,104,2,1
11,164,2015,11,170,5,1
11,164,2015,11,104,1,1
11,0,2015,11,49,1,1
35,28,2015,18,104,2,0
35,28,2015,18,177,1,0
35,28,2015,18,60,1,0
35,28,2015,18,149,4,0
35,28,2015,18,172,3,0
35,63,2016,1,104,1,0
35,63,2016,1,177,1,0
35,63,2016,1,60,1,0
35,63,2016,1,172,4,0
35,187,2016,1,220,2,0
67,235,2016,2,104,1,0
67,235,2016,2,111,3,0
66,0,2015,1,105,2,1
66,15,2015,1,196,9,1
66,0,2015,1,28,5,1
66,4,2015,1,104,1,1
66,0,2015,1,4,1,1
66,0,2015,1,184,4,1
66,10,2015,1,104,1,1
11,21,2015,27,170,5,1
11,21,2015,27,104,1,1
51,31,2016,1,170,7,1
51,31,2016,1,104,1,1
66,0,2016,8,136,4,1
66,8,2016,8,104,1,1
66,0,2016,14,10,7,1
66,0,2016,14,207,1,1
66,0,2016,14,199,1,1
66,0,2016,14,99,1,1
66,0,2015,48,213,4,1
66,0,2015,48,126,1,1
66,46,2015,48,104,2,1
66,45,2015,48,199,1,1
67,6182,2015,60,38,5,1
66,0,2016,1,80,1,1
66,28,2016,1,196,7,1
66,0,2016,1,32,1,1
11,0,2016,10,170,4,1
11,0,2016,10,104,1,1
35,71,2016,3,104,1,0
35,71,2016,3,172,5,0
35,71,2016,3,177,1,0
35,71,2016,3,60,1,0
35,195,2016,3,220,1,0
35,56,2015,17,104,2,0
35,56,2015,17,149,6,0
35,56,2015,17,177,1,0
35,56,2015,17,60,1,0
35,56,2015,17,172,2,0
66,0,2016,1,155,5,1
66,0,2016,1,15,2,1
66,5,2016,1,104,3,1
63,1227,2015,175,179,3,1
63,1227,2015,175,186,3,1
35,0,2016,2,79,1,0
35,82,2016,2,104,1,0
35,82,2016,2,60,1,0
35,82,2016,2,172,3,0
35,82,2016,2,177,1,0
35,206,2016,2,220,1,0
50,67,2015,108,104,19,1
50,68,2015,108,63,4,1
50,68,2015,108,177,3,1
50,0,2015,108,122,1,1
66,1,2016,3,104,6,1
66,0,2016,3,162,2,1
35,82,2016,5,104,2,0
35,82,2016,5,177,1,0
35,82,2016,5,149,3,0
35,82,2016,5,60,1,0
35,82,2016,5,172,3,0
66,0,2015,1,79,1,1
66,0,2015,1,146,1,1
66,0,2015,1,93,3,1
66,74,2015,1,66,1,1
67,4883,2015,30,196,8,1
67,228,2015,30,104,2,1
67,0,2015,30,28,1,1
66,8,2016,13,104,13,1
66,1,2016,13,199,1,1
66,27,2016,13,4,1,1
66,0,2016,13,77,1,1
66,0,2016,13,54,2,1
66,0,2016,13,23,2,1
66,0,2016,13,6,2,1
66,0,2016,13,166,1,1
66,0,2016,13,191,1,1
67,389,2015,304,104,3,1
67,131,2015,304,111,9,1
51,25,2016,1,170,10,1
51,25,2016,1,104,1,1
67,7032,2015,99,166,6,1
67,0,2015,99,104,1,1
67,60,2015,99,38,1,1
67,69,2015,46,104,8,1
66,6,2016,1,104,7,1
20,1446,2015,47,232,1,1
20,634,2015,47,104,2,1
20,634,2015,47,196,1,1
20,2212,2015,47,57,1,1
20,0,2015,47,221,5,1
20,634,2015,47,9,1,1
63,0,2016,26,112,10,1
63,2,2016,26,186,2,1
66,0,2016,4,100,2,1
66,7,2016,4,104,1,1
55,0,2016,8,61,4,0
55,0,2016,8,36,1,0
51,18,2016,1,170,5,1
51,18,2016,1,104,3,1
51,365,2016,1,17,1,1
50,0,2015,138,79,1,1
50,108,2015,138,104,20,1
50,108,2015,138,177,2,1
50,108,2015,138,63,5,1
50,108,2015,138,122,1,1
66,34,2016,1,99,9,1
35,92,2016,15,104,3,0
35,92,2016,15,177,1,0
35,92,2016,15,60,1,0
35,92,2016,15,172,4,0
35,92,2016,15,149,5,0
66,0,2016,1,127,4,1
66,26,2016,1,199,1,1
66,26,2016,1,191,5,1
66,0,2016,1,0,1,1
66,9,2016,1,104,1,1
66,0,2016,1,150,1,1
66,0,2016,20,36,6,1
66,15,2016,20,104,3,1
66,23,2016,20,196,1,1
67,62,2015,1,196,10,1
67,0,2015,1,32,1,1
67,53,2015,1,104,1,1
67,0,2015,1,146,1,1
55,0,2016,5,61,6,1
35,112,2016,1,149,3,0
35,112,2016,1,104,2,0
35,0,2016,1,203,1,0
35,112,2016,1,177,1,0
35,112,2016,1,60,1,0
35,1024,2016,1,145,2,0
35,112,2016,1,172,3,0
35,108,2016,12,149,7,0
35,108,2016,12,104,3,0
35,108,2016,12,177,1,0
35,108,2016,12,60,1,0
35,108,2016,12,172,4,0
35,95,2016,35,149,11,1
35,95,2016,35,172,5,1
35,95,2016,35,104,3,1
35,95,2016,35,177,1,1
35,95,2016,35,60,1,1
62,0,2016,66,36,9,1
62,752,2016,66,104,1,1
35,37,2016,41,104,2,1
35,37,2016,41,149,5,1
35,37,2016,41,177,1,1
35,37,2016,41,60,1,1
35,37,2016,41,172,5,1
35,6,2016,8,149,6,1
35,6,2016,8,104,2,1
35,6,2016,8,177,1,1
35,6,2016,8,60,1,1
35,6,2016,8,172,5,1
35,14,2016,14,149,5,1
35,14,2016,14,104,3,1
35,14,2016,14,177,1,1
35,14,2016,14,60,1,1
35,14,2016,14,172,5,1
67,38,2016,69,104,5,1
67,0,2016,69,213,1,1
20,22,2016,38,221,6,1
20,22,2016,38,104,1,1
63,0,2016,20,126,6,0
63,1435,2016,20,104,2,0
63,0,2016,44,126,2,1
63,0,2016,44,51,3,1
63,22,2016,44,112,1,1
63,1404,2016,44,104,3,1
11,57,2016,1,170,6,1
11,57,2016,1,104,3,1
35,12,2016,17,104,2,1
35,12,2016,17,177,1,1
35,12,2016,17,60,1,1
35,12,2016,17,149,4,1
35,12,2016,17,172,5,1
51,35,2016,59,104,3,1
51,35,2016,59,170,9,1
51,0,2016,1,104,4,1
51,24,2016,1,17,4,1
51,0,2016,1,170,2,1
67,0,2016,25,212,7,1
67,20,2016,25,104,2,1
67,3,2016,1,104,3,1
67,3,2016,1,212,3,1
66,0,2016,15,104,3,1
66,0,2016,15,118,4,1
66,5,2016,15,199,1,1
20,8,2016,1,104,4,0
20,0,2016,1,170,2,0
20,8,2016,1,221,1,0
67,6,2016,1,104,2,1
67,121,2016,1,196,9,1
67,59,2016,1,28,2,1
20,3,2016,14,104,4,0
20,0,2016,14,170,4,0
20,0,2016,14,49,1,0
20,4674,2016,17,87,6,0
63,23,2016,1,104,1,0
63,0,2016,1,160,3,0
63,0,2016,1,48,3,0
67,0,2016,1,104,2,1
67,0,2016,1,196,8,1
67,0,2016,1,28,2,1
20,20,2016,81,196,1,1
20,661,2016,81,230,9,1
20,20,2016,81,9,1,1
20,80,2016,81,221,1,1
66,0,2016,10,106,7,1
66,10,2016,10,104,1,1
66,0,2016,10,122,1,1
20,61,2016,81,221,13,1
20,60,2016,81,104,4,1
20,4634,2016,81,87,1,1
35,16,2016,26,149,14,1
35,16,2016,26,172,5,1
35,16,2016,26,104,3,1
35,16,2016,26,177,1,1
35,16,2016,26,60,1,1
66,61,2016,51,104,1,1
66,37,2016,51,66,6,1
66,22,2016,1,199,7,1
66,2,2016,20,104,2,1
66,0,2016,20,148,6,1
66,70,2016,20,126,1,1
67,18,2016,1,104,6,1
35,19,2016,34,104,3,1
35,19,2016,34,149,9,1
35,19,2016,34,177,1,1
35,19,2016,34,60,1,1
35,19,2016,34,172,5,1
20,0,2016,8,170,9,0
20,7,2016,8,104,5,0
20,0,2016,8,172,2,0
20,0,2016,8,49,1,0
66,0,2014,619,90,3,1
66,656,2014,619,104,1,1
66,0,2014,619,31,1,1
66,0,2014,619,45,1,1
35,11,2016,6,104,3,0
35,11,2016,6,177,1,0
35,11,2016,6,60,1,0
35,0,2016,6,203,1,0
35,11,2016,6,172,4,0
35,11,2016,6,149,2,0
35,4,2016,4,104,2,0
35,4,2016,4,149,4,0
35,4,2016,4,177,1,0
35,4,2016,4,60,1,0
35,4,2016,4,172,3,0
51,32,2016,1,104,4,1
51,32,2016,1,17,3,1
51,32,2016,1,170,2,1
63,7,2016,49,126,4,0
63,7,2016,49,104,1,0
24,0,2016,1,104,6,1
20,81,2016,113,196,1,1
20,81,2016,113,230,11,1
20,81,2016,113,9,1,1
20,2016,2016,113,240,1,1
20,101,2016,113,221,1,1
20,852,2016,113,64,1,1
20,1920,2016,23,11,8,1
20,28,2016,23,230,1,1
20,0,2016,23,42,1,1
20,16,2016,23,104,1,1
51,64,2016,63,170,9,1
51,64,2016,63,104,3,1
11,37,2016,5,170,7,1
11,37,2016,5,104,4,1
11,110,2016,5,49,1,1
11,8,2016,1,170,6,1
11,8,2016,1,104,4,1
35,19,2016,1,104,3,0
35,19,2016,1,177,1,0
35,19,2016,1,172,3,0
35,19,2016,1,60,1,0
35,1097,2016,1,145,1,0
35,19,2016,1,149,1,0
35,1,2016,21,149,4,0
35,1,2016,21,104,3,0
35,1,2016,21,177,1,0
35,1,2016,21,60,1,0
35,1,2016,21,172,5,0
51,13,2016,35,170,8,1
51,13,2016,35,104,3,1
63,0,2016,117,160,8,1
63,4273,2016,117,233,1,1
67,46,2016,1,196,1,1
67,1093,2016,1,9,1,1
67,1093,2016,1,210,2,1
67,1093,2016,1,92,2,1
67,3011,2016,1,11,2,1
63,115,2016,1,179,2,1
63,91,2016,1,186,3,1
20,32,2016,51,196,1,1
20,27,2016,51,230,7,1
20,32,2016,51,9,1,1
20,32,2016,51,221,1,1
67,0,2016,91,148,9,1
67,0,2016,91,99,2,1
11,24,2016,2,104,2,1
11,24,2016,2,170,5,1
63,32,2016,43,112,9,1
63,0,2016,43,196,2,1
63,37,2016,43,186,2,1
63,0,2016,43,111,1,1
63,32,2016,43,126,1,1
20,29,2016,1,221,17,1
20,53,2016,1,104,2,1
20,29,2016,1,9,1,1
20,29,2016,1,196,1,1
20,60,2016,1,87,1,1
62,87,2016,1,104,9,1
35,30,2016,31,149,7,0
35,30,2016,31,104,3,0
35,30,2016,31,177,1,0
35,30,2016,31,60,1,0
35,30,2016,31,172,3,0
35,51,2016,116,104,3,1
35,51,2016,116,149,5,1
35,51,2016,116,177,1,1
35,51,2016,116,60,1,1
35,51,2016,116,172,4,1
35,3,2016,1,104,1,0
35,3,2016,1,172,5,0
35,3,2016,1,177,1,0
35,3,2016,1,60,1,0
35,0,2016,2,104,2,1
35,0,2016,2,177,1,1
35,0,2016,2,60,1,1
35,0,2016,2,172,5,1
35,0,2016,2,149,3,1
35,9,2016,1,104,2,0
35,1136,2016,1,145,2,0
35,9,2016,1,177,1,0
35,9,2016,1,172,3,0
35,9,2016,1,60,1,0
35,9,2016,1,149,2,0
51,36,2016,1,104,3,1
51,36,2016,1,170,6,1
35,15,2016,24,149,9,1
35,15,2016,24,104,2,1
35,15,2016,24,177,1,1
35,15,2016,24,60,1,1
35,15,2016,24,172,5,1
67,50,2016,44,104,2,1
67,1107,2016,44,121,6,1
67,6277,2016,44,122,1,1
51,27,2016,1,170,9,1
51,27,2016,1,104,3,1
35,8,2016,22,104,3,0
35,8,2016,22,149,7,0
35,8,2016,22,177,1,0
35,8,2016,22,60,1,0
35,8,2016,22,172,5,0
3,2264,2016,9,104,6,0
3,0,2016,9,170,5,0
3,0,2016,9,221,1,0
62,0,2016,33,87,9,1
62,0,2016,33,223,2,1
51,18,2016,48,104,4,1
51,18,2016,48,170,6,1
35,0,2016,5,79,1,1
35,25,2016,5,104,3,1
35,332,2016,5,140,1,1
35,25,2016,5,172,4,1
35,8,2016,57,149,13,0
35,38,2016,57,172,5,0
35,8,2016,57,177,1,0
35,8,2016,57,60,1,0
35,38,2016,57,104,3,0
35,39,2016,1,104,2,1
35,0,2016,1,167,2,1
35,69,2016,1,177,1,1
35,69,2016,1,60,1,1
35,39,2016,1,172,3,1
35,69,2016,1,149,1,1
35,16,2016,24,149,7,0
35,16,2016,24,104,2,0
35,16,2016,24,177,1,0
35,16,2016,24,60,1,0
35,16,2016,24,172,4,0
3,0,2016,51,179,5,1
3,1372,2016,51,196,1,1
3,0,2016,51,186,3,1
3,2283,2016,51,104,1,1
3,0,2016,51,176,1,1
3,1372,2016,51,9,1,1
50,1275,2016,31,179,3,1
50,1275,2016,31,186,2,1
50,136,2016,31,104,1,1
34,6895,2016,51,104,2,1
34,0,2016,51,210,1,1
34,0,2016,51,115,2,1
34,0,2016,51,57,2,1
34,0,2016,51,64,1,1
35,8,2016,24,149,10,0
35,8,2016,24,104,1,0
35,8,2016,24,177,1,0
35,8,2016,24,60,1,0
35,8,2016,24,172,4,0
35,24,2016,27,149,13,1
35,24,2016,27,172,4,1
35,24,2016,27,60,1,1
35,24,2016,27,104,1,1
35,24,2016,27,177,1,1
51,92,2016,1,104,3,1
51,92,2016,1,170,6,1
55,0,2016,99,91,6,1
55,0,2016,99,196,1,1
55,2454,2016,99,9,1,1
3,45,2016,105,179,13,1
3,45,2016,105,9,2,1
3,0,2016,105,64,1,1
3,45,2016,105,104,1,1
3,45,2016,105,196,1,1
3,45,2016,105,186,1,1
3,0,2016,105,25,1,1
3,45,2016,105,176,1,1
35,5,2016,8,149,9,0
35,5,2016,8,104,3,0
35,5,2016,8,177,1,0
35,5,2016,8,60,1,0
35,5,2016,8,172,5,0
35,14,2016,15,149,13,0
35,14,2016,15,172,4,0
35,501,2016,15,220,1,0
35,14,2016,15,177,1,0
35,14,2016,15,60,1,0
35,14,2016,15,104,1,0
11,162,2016,23,104,2,1
11,162,2016,23,170,5,1
35,20,2016,11,104,1,0
35,518,2016,11,16,1,0
35,20,2016,11,60,1,0
35,20,2016,11,172,4,0
35,20,2016,11,177,1,0
35,507,2016,11,220,1,0
35,19,2016,18,149,14,0
35,19,2016,18,172,5,0
35,19,2016,18,177,1,0
35,19,2016,18,60,1,0
35,19,2016,18,104,3,0
35,38,2016,13,149,12,0
35,38,2016,13,172,5,0
35,38,2016,13,177,1,0
35,38,2016,13,60,1,0
35,38,2016,13,104,3,0
51,31,2016,1,104,3,1
51,31,2016,1,170,7,1
51,2,2016,1,170,3,1
51,2,2016,1,104,3,1
51,239,2016,1,17,1,1
51,0,2016,1,49,1,1
51,16,2016,22,170,5,1
51,16,2016,22,104,2,1
51,16,2016,22,17,2,1
50,1476,2016,1,13,7,1
50,142,2016,1,104,2,1
50,2436,2016,1,161,1,1
51,7,2016,17,170,5,1
51,7,2016,17,104,3,1
51,7,2016,17,17,3,1
16,464,2016,23,202,6,1
16,464,2016,23,104,1,1
20,3274,2016,25,111,22,1
20,191,2016,25,104,5,1
35,30,2016,33,149,14,0
35,30,2016,33,172,5,0
35,30,2016,33,104,2,0
35,30,2016,33,177,1,0
35,30,2016,33,60,1,0
51,35,2016,45,170,17,1
51,35,2016,45,104,5,1
51,35,2016,45,17,3,1
51,9,2016,12,104,2,1
51,9,2016,12,170,5,1
51,9,2016,12,17,3,1
51,17,2016,12,49,1,1
48,4402,2016,134,104,1,1
48,4402,2016,134,138,2,1
35,65,2017,5,104,1,1
35,0,2017,5,203,1,1
35,65,2017,5,177,1,1
35,65,2017,5,149,2,1
35,65,2017,5,172,2,1
20,12,2017,1,111,63,1
20,12,2017,1,104,4,1
35,3,2017,24,104,1,1
35,3,2017,24,177,1,1
35,3,2017,24,149,2,1
35,3,2017,24,172,2,1
51,103,2016,136,170,25,1
51,103,2016,136,104,2,1
51,103,2016,136,49,1,1
67,4267,2016,71,144,2,1
67,140,2016,71,104,7,1
67,1299,2016,71,177,8,1
67,2011,2016,71,37,1,1
51,136,2016,126,170,7,1
51,0,2016,126,67,3,1
51,136,2016,126,104,3,1
51,962,2016,126,1,1,1
51,103,2016,126,17,1,1
51,610,2016,126,177,1,1
51,136,2016,126,49,1,1
67,40,2017,42,104,1,1
67,1330,2017,42,51,3,1
67,1330,2017,42,112,1,1
20,54,2016,83,104,4,1
20,54,2016,83,111,17,1
20,0,2016,83,62,1,1
51,16,2017,34,170,8,1
51,16,2017,34,104,5,1
51,16,2017,34,67,1,1
20,26,2017,35,111,5,0
20,26,2017,35,104,2,0
63,273,2017,14,112,5,1
63,273,2017,14,186,2,1
63,348,2017,14,51,1,1
63,0,2017,14,91,2,1
35,3,2017,15,104,1,0
35,3,2017,15,177,1,0
35,3,2017,15,172,2,0
35,3,2017,15,149,1,0
51,27,2017,40,170,22,1
51,9,2017,40,17,3,1
51,27,2017,40,104,5,1
51,9,2017,40,49,1,1
51,3,2017,1,104,4,1
51,3,2017,1,170,14,1
20,26,2017,48,111,8,0
20,26,2017,48,104,2,0
51,7,2017,1,170,14,1
51,7,2017,1,104,3,1
67,650,2017,1,179,2,1
67,11,2017,1,51,1,1
67,653,2017,1,186,6,1
67,0,2017,1,206,1,1
20,0,2017,67,4,8,1
20,0,2017,67,191,1,1
20,0,2017,67,126,1,1
51,7,2017,1,170,14,1
51,7,2017,1,104,3,1
35,20,2017,21,104,3,1
35,20,2017,21,177,1,1
35,20,2017,21,172,3,1
35,20,2017,21,149,2,1
35,5,2017,1,104,2,0
35,5,2017,1,172,3,0
35,1418,2017,1,145,2,0
35,5,2017,1,177,1,0
35,5,2017,1,149,1,0
20,26,2017,66,111,29,0
20,26,2017,66,104,2,0
51,7,2017,1,170,11,1
51,7,2017,1,104,3,1
51,7,2017,1,170,15,1
51,7,2017,1,104,3,1
51,7,2017,1,170,16,1
51,7,2017,1,104,4,1
35,24,2017,7,104,1,0
35,24,2017,7,172,5,0
35,24,2017,7,177,1,0
35,162,2017,7,60,1,0
35,2,2017,33,104,1,0
35,2,2017,33,177,1,0
35,140,2017,33,60,1,0
35,1415,2017,33,145,1,0
35,2,2017,33,172,4,0
35,2,2017,33,149,2,0
51,7,2017,1,170,16,1
51,7,2017,1,104,4,1
48,0,2017,100,179,4,1
48,0,2017,100,196,1,1
48,0,2017,100,64,1,1
48,0,2017,100,9,1,1
67,4955,2017,9,160,6,1
67,72,2017,9,104,2,1
51,9,2017,1,170,16,1
51,9,2017,1,104,3,1
8,970,2017,19,115,1,1
8,965,2017,19,230,11,1
8,978,2017,19,11,1,1
51,5,2017,1,170,17,1
51,5,2017,1,104,2,1
51,19,2017,27,170,18,1
51,19,2017,27,104,2,1
66,0,2017,131,180,18,1
66,299,2017,131,104,2,1
35,34,2017,40,172,6,1
35,1447,2017,40,145,2,1
35,34,2017,40,104,4,1
35,34,2017,40,149,6,1
35,172,2017,40,60,1,1
35,34,2017,40,177,1,1
5,0,2017,11,236,1,1
5,0,2017,11,104,7,1
5,0,2017,11,29,1,1
5,0,2017,11,66,1,1
5,0,2017,11,116,1,1
51,14,2017,27,170,16,1
51,14,2017,27,104,2,1
50,1119,2017,62,72,5,1
50,74,2017,62,104,1,1
35,3,2017,9,104,3,1
35,3,2017,9,149,3,1
35,3,2017,9,177,1,1
35,3,2017,9,172,3,1
50,2657,2017,77,83,1,1
50,978,2017,77,230,4,1
35,1,2017,4,104,3,1
35,1,2017,4,149,3,1
35,1,2017,4,177,1,1
35,13,2017,4,60,1,1
35,1,2017,4,172,3,1
63,388,2017,1,179,2,1
63,95,2017,1,51,1,1
63,95,2017,1,186,6,1
63,457,2017,1,104,2,1
63,95,2017,1,112,1,1
51,114,2017,128,170,17,1
51,114,2017,128,104,2,1
35,2,2017,10,104,2,1
35,2,2017,10,177,1,1
35,2,2017,10,60,1,1
35,2,2017,10,172,2,1
35,2,2017,10,149,2,1
35,15,2017,20,104,3,0
35,15,2017,20,177,1,0
35,15,2017,20,172,3,0
35,15,2017,20,149,2,0
35,15,2017,20,60,1,0
35,10,2017,20,104,2,0
35,10,2017,20,177,1,0
35,10,2017,20,60,1,0
35,10,2017,20,172,2,0
35,10,2017,20,149,2,0
67,12,2017,18,160,7,1
67,348,2017,18,196,1,1
67,1441,2017,18,57,1,1
67,2153,2017,18,167,1,1
67,12,2017,18,104,3,1
67,0,2017,18,54,1,1
48,14,2017,60,179,4,1
48,14,2017,60,64,1,1
48,0,2017,60,186,8,1
48,0,2017,60,112,1,1
48,110,2017,60,104,1,1
39,2372,2017,90,179,3,1
39,2372,2017,90,186,4,1
39,496,2017,90,104,1,1
39,4212,2017,90,112,1,1
55,0,2017,91,3,12,1
55,522,2017,91,104,2,1
51,2,2017,23,170,21,1
51,2,2017,23,104,2,1
39,1053,2017,101,87,15,1
39,89,2017,101,104,2,1
55,2714,2017,80,216,5,1
51,7,2017,28,170,8,1
51,7,2017,28,104,2,1
35,11,2017,39,104,3,1
35,11,2017,39,149,2,1
35,11,2017,39,177,1,1
35,11,2017,39,60,1,1
35,11,2017,39,172,3,1
62,1331,2017,21,196,12,1
62,426,2017,21,104,3,1
35,27,2017,13,104,2,0
35,27,2017,13,172,6,0
35,27,2017,13,177,1,0
20,0,2017,15,105,5,1
20,423,2017,15,196,8,1
20,166,2017,15,104,2,1
20,166,2017,15,111,1,1
51,2,2017,16,170,6,1
51,2,2017,16,104,2,1
35,1,2017,17,104,2,0
35,1,2017,17,149,3,0
35,1,2017,17,177,1,0
35,1,2017,17,172,2,0
35,18,2017,1,104,3,0
35,18,2017,1,177,1,0
35,792,2017,1,220,2,0
35,18,2017,1,172,2,0
51,3,2017,28,170,9,1
51,3,2017,28,104,2,1
62,0,2017,40,176,11,1
62,18,2017,40,104,5,1
62,18,2017,40,196,1,1
35,11,2017,1,104,2,0
35,11,2017,1,172,4,0
35,11,2017,1,177,1,0
16,256,2017,17,202,7,1
16,256,2017,17,104,1,1
16,0,2017,17,196,1,1
62,80,2017,92,176,12,1
62,80,2017,92,104,5,1
62,80,2017,92,196,1,1
16,58,2017,60,202,8,1
16,58,2017,60,104,1,1
35,19,2017,26,104,2,0
35,19,2017,26,177,1,0
35,19,2017,26,172,2,0
35,19,2017,26,149,2,0
16,58,2017,73,196,1,1
16,60,2017,73,202,3,1
16,60,2017,73,104,1,1
16,0,2017,73,177,1,1
69,1109,2017,7,11,11,1
69,4470,2017,7,126,1,1
69,3717,2017,7,104,1,1
69,6740,2017,7,191,1,1
51,8,2017,19,170,8,1
51,8,2017,19,104,2,1
16,73,2017,77,196,1,1
16,73,2017,77,202,3,1
16,73,2017,77,104,1,1
16,77,2017,90,104,2,1
16,77,2017,90,196,1,1
16,77,2017,90,202,6,1
55,267,2017,89,91,8,1
69,7,2017,18,11,6,1
69,4593,2017,18,87,11,1
69,7,2017,18,191,1,1
69,7,2017,18,104,3,1
35,46,2017,34,104,3,0
35,46,2017,34,177,1,0
35,46,2017,34,60,1,0
35,46,2017,34,172,3,0
35,46,2017,34,149,1,0
35,18,2017,63,149,1,0
35,18,2017,63,104,3,0
35,18,2017,63,172,4,0
35,792,2017,63,220,1,0
16,90,2017,106,104,2,1
16,90,2017,106,196,1,1
16,90,2017,106,202,7,1
69,18,2017,29,87,10,1
69,7,2017,29,126,1,1
69,18,2017,29,104,2,1
69,18,2017,29,11,2,1
20,52,2017,123,111,6,1
20,52,2017,123,104,4,1
20,52,2017,123,105,1,1
16,106,2017,113,104,3,1
16,106,2017,113,202,7,1
16,106,2017,113,196,1,1
39,192,2017,328,87,10,1
39,192,2017,328,104,2,1
39,4973,2017,70,5,9,1
39,669,2017,70,230,1,1
14,0,2017,39,177,1,1
14,0,2017,39,234,4,1
14,7777,2017,39,104,1,1
35,80,2017,38,104,3,0
35,80,2017,38,177,1,0
35,80,2017,38,60,1,0
35,80,2017,38,172,3,0
35,80,2017,38,149,1,0
34,0,2017,96,186,5,1
34,0,2017,96,179,2,1
34,0,2017,96,196,1,1
34,332,2017,96,104,2,1
34,0,2017,96,217,1,1
34,0,2017,96,9,1,1
35,112,2017,9,104,3,0
35,112,2017,9,172,5,0
35,112,2017,9,177,1,0
35,112,2017,9,60,1,0
35,886,2017,9,220,1,0
14,0,2017,130,157,9,1
14,121,2017,130,104,3,1
20,2789,2017,1,186,9,1
20,0,2017,1,179,1,1
20,23,2017,1,196,1,1
20,461,2017,1,9,1,1
20,48,2017,1,104,1,1
24,0,2017,19,196,13,1
24,0,2017,19,232,1,1
24,591,2017,19,104,2,1
35,1327,2017,23,147,1,0
35,123,2017,23,104,4,0
35,123,2017,23,149,3,0
35,0,2017,23,120,1,0
35,123,2017,23,177,1,0
35,123,2017,23,60,1,0
35,123,2017,23,172,3,0
35,0,2017,23,1,1,0
39,403,2017,371,42,16,1
39,328,2017,371,87,1,1
39,5244,2017,371,197,1,1
39,328,2017,371,104,1,1
48,0,2017,129,22,5,1
20,48,2017,23,111,12,1
20,96,2017,23,104,5,1
20,285,2017,23,191,1,1
35,119,2017,39,104,3,0
35,119,2017,39,177,1,0
35,119,2017,39,60,1,0
35,119,2017,39,172,2,0
35,119,2017,39,149,1,0
39,3178,2017,181,198,11,1
63,159,2017,413,104,1,1
63,249,2017,413,160,7,1
63,0,2017,413,31,2,1
49,0,2018,1,170,6,0
49,0,2018,1,104,6,0
3,0,2017,29,131,4,1
3,379,2017,29,196,1,1
3,0,2017,29,21,1,1
3,379,2017,29,9,2,1
20,46,2018,1,111,18,1
20,46,2018,1,104,5,1
62,553,2018,30,87,9,1
62,100,2018,30,104,1,1
63,206,2018,55,179,2,1
63,0,2018,55,64,1,1
63,206,2018,55,186,13,1
63,206,2018,55,112,1,1
39,6,2018,58,104,3,1
39,25,2018,58,230,4,1
50,1594,2018,7,223,3,0
50,1827,2018,7,25,2,0
20,32,2018,34,104,5,1
20,32,2018,34,111,19,1
35,204,2018,1,104,2,0
35,204,2018,1,177,1,0
35,204,2018,1,172,2,0
35,978,2018,1,220,2,0
56,0,2018,1,191,10,0
56,0,2018,1,122,1,0
63,55,2018,76,179,3,1
63,55,2018,76,186,14,1
63,48,2018,76,104,1,1
63,55,2018,76,112,1,1
63,588,2018,76,126,1,1
59,6668,2018,1,104,6,1
59,0,2018,1,57,15,1
59,0,2018,1,165,1,1
59,0,2018,1,87,2,1
59,0,2018,1,177,1,1
59,0,2018,1,209,1,1
59,0,2018,1,232,1,1
59,0,2018,1,173,1,1
59,0,2018,1,115,1,1
39,6256,2018,31,223,8,1
39,4487,2018,31,25,3,1
39,58,2018,31,104,1,1
39,6,2018,31,87,1,1
59,0,2018,79,17,1,1
59,0,2018,79,189,5,1
59,0,2018,79,172,1,1
63,76,2018,104,186,14,1
63,614,2018,104,233,1,1
63,206,2018,104,51,1,1
63,76,2018,104,104,2,1
63,76,2018,104,179,3,1
55,500,2018,1,196,14,1
55,269,2018,1,104,5,1
55,0,2018,1,84,1,1
55,0,2018,1,85,1,1
55,0,2018,1,177,1,1
59,0,2018,28,209,1,1
59,0,2018,28,104,4,1
59,0,2018,28,57,7,1
59,0,2018,28,165,1,1
59,0,2018,28,87,1,1
59,0,2018,28,177,1,1
59,0,2018,28,115,1,1
59,0,2018,28,186,1,1
8,328,2018,35,230,11,1
8,2005,2018,35,240,1,1
8,328,2018,35,115,1,1
8,1192,2018,35,104,1,1
8,35,2018,39,230,7,1
8,35,2018,39,240,1,1
8,35,2018,39,115,1,1
8,35,2018,39,104,1,1
8,39,2018,41,230,9,1
8,1317,2018,41,83,1,1
8,39,2018,41,104,1,1
50,1718,2018,1,87,2,0
50,1718,2018,1,223,4,0
50,367,2018,1,104,1,0
50,1420,2018,1,57,1,0
50,645,2018,1,186,1,0
50,1420,2018,1,115,1,0
8,6,2018,1,230,7,1
8,6,2018,1,104,1,1
8,1239,2018,1,233,1,1
8,50,2018,50,230,8,1
8,42,2018,50,115,1,1
8,50,2018,50,104,1,1
8,42,2018,50,240,1,1
35,277,2018,1,104,3,0
35,277,2018,1,172,7,0
35,277,2018,1,177,1,0
35,277,2018,1,60,1,0
35,277,2018,1,149,1,0
8,47,2018,53,230,9,1
8,47,2018,53,115,1,1
8,41,2018,53,83,1,1
8,47,2018,53,240,1,1
8,47,2018,53,104,1,1
8,0,2018,53,5,1,1
10,0,2018,1,180,15,1
10,0,2018,1,104,4,1
10,0,2018,1,163,1,1
10,0,2018,1,1,1,1
34,570,2018,30,64,9,1
8,9,2018,1,230,7,1
8,9,2018,1,104,1,1
8,44,2018,61,230,8,1
8,0,2018,61,189,1,1
8,53,2018,61,240,2,1
8,53,2018,61,115,1,1
8,44,2018,61,104,2,1
8,53,2018,61,5,1,1
44,1092,2018,57,111,16,1
44,0,2018,57,166,2,1
44,1092,2018,57,104,3,1
8,30,2018,1,240,2,1
8,30,2018,1,230,4,1
8,30,2018,1,104,3,1
8,30,2018,1,5,1,1
8,5,2018,33,230,13,1
8,25,2018,33,189,1,1
8,5,2018,33,240,2,1
8,25,2018,33,115,1,1
8,5,2018,33,104,2,1
8,1228,2018,33,121,1,1
39,2784,2018,6,64,9,1
39,322,2018,6,186,1,1
39,106,2018,6,104,1,1
35,174,2018,118,104,5,0
35,174,2018,118,177,1,0
35,174,2018,118,149,5,0
35,174,2018,118,60,1,0
35,174,2018,118,172,3,0
3,2993,2018,8,87,10,1
44,0,2018,83,122,16,1
44,13,2018,83,104,4,1
8,26,2018,34,230,11,1
8,26,2018,34,240,2,1
8,1380,2018,34,216,1,1
8,26,2018,34,115,1,1
8,26,2018,34,104,3,1
8,26,2018,34,121,1,1
50,353,2018,58,104,4,1
50,0,2018,58,31,1,1
50,0,2018,58,90,3,1
8,80,2018,95,230,8,1
8,80,2018,95,240,1,1
8,80,2018,95,104,1,1
8,1314,2018,95,55,1,1
50,362,2018,27,230,7,1
50,362,2018,27,83,1,1
50,1314,2018,27,210,1,1
8,91,2018,110,230,5,1
8,91,2018,110,104,1,1
8,91,2018,110,55,1,1
8,84,2018,94,230,12,1
8,84,2018,94,104,3,1
8,84,2018,94,55,1,1
8,65,2018,94,240,1,1
10,0,2018,72,180,15,1
10,9,2018,72,104,7,1
10,9,2018,72,163,1,1
10,9,2018,72,1,1,1
50,668,2018,16,179,2,1
50,668,2018,16,186,7,1
8,94,2018,98,230,11,1
8,94,2018,98,104,2,1
8,355,2018,98,11,1,1
8,26,2018,98,83,1,1
8,3876,2018,98,172,1,1
8,94,2018,98,240,1,1
8,0,2018,88,5,1,1
8,94,2018,88,104,4,1
8,94,2018,88,11,4,1
8,46,2018,88,115,1,1
8,1348,2018,88,42,1,1
8,5117,2018,88,210,1,1
8,94,2018,88,230,10,1
8,3365,2018,88,110,1,1
8,94,2018,88,240,2,1
8,94,2018,88,83,1,1
8,3880,2018,88,133,1,1
8,0,2018,14,230,10,1
8,0,2018,14,104,2,1
8,0,2018,14,11,1,1
8,0,2018,14,115,1,1
8,0,2018,14,240,2,1
20,199,2018,135,196,8,0
20,151,2018,135,105,3,0
20,32,2018,135,104,3,0
20,6052,2018,135,133,1,0
8,2,2018,5,230,14,1
8,16,2018,5,5,1,1
8,2,2018,5,104,3,1
8,2,2018,5,115,1,1
8,16,2018,5,110,1,1
8,2,2018,5,240,2,1
8,2,2018,5,11,1,1
8,16,2018,5,83,1,1
8,2,2018,5,240,2,1
8,2,2018,5,230,12,1
8,2,2018,5,83,1,1
8,2,2018,5,11,1,1
8,2,2018,5,104,2,1
8,23,2018,5,210,1,1
35,2181,2018,1,121,2,0
35,375,2018,1,104,4,0
35,375,2018,1,177,1,0
35,375,2018,1,172,2,0
35,375,2018,1,149,1,0
51,16,2017,1,170,4,1
51,16,2017,1,104,5,1
51,208,2017,1,17,1,1
8,0,2018,7,240,2,1
8,0,2018,7,230,13,1
8,0,2018,7,83,1,1
8,0,2018,7,11,1,1
8,0,2018,7,104,1,1
8,0,2018,7,210,1,1
20,851,2018,1,240,4,1
20,342,2018,1,196,1,1
20,803,2018,1,221,2,1
20,832,2018,1,230,3,1
20,342,2018,1,9,1,1
20,0,2018,1,130,1,1
35,369,2018,21,104,5,0
35,369,2018,21,172,7,0
35,1154,2018,21,16,1,0
35,1063,2018,21,26,2,0
35,0,2018,21,144,2,0
35,369,2018,21,149,1,0
35,747,2018,21,140,1,0
35,369,2018,21,177,1,0
8,0,2018,7,240,2,1
8,0,2018,7,11,1,1
8,0,2018,7,230,13,1
8,0,2018,7,104,5,1
8,0,2018,7,83,1,1
8,0,2018,7,210,1,1
39,0,2018,30,98,6,1
39,3427,2018,45,209,11,1
8,0,2018,6,240,2,1
8,0,2018,6,11,1,1
8,0,2018,6,230,14,1
8,0,2018,6,83,1,1
8,0,2018,6,104,5,1
8,0,2018,6,210,1,1
8,0,2018,7,240,2,1
8,0,2018,7,11,2,1
8,0,2018,7,230,16,1
8,0,2018,7,83,1,1
8,0,2018,7,104,6,1
8,0,2018,7,210,1,1
35,293,2018,107,104,1,0
35,293,2018,107,149,6,0
35,293,2018,107,177,1,0
35,293,2018,107,172,3,0
8,3,2018,4,240,2,1
8,3,2018,4,230,20,1
8,3,2018,4,11,2,1
8,3,2018,4,83,1,1
8,3,2018,4,104,6,1
8,37,2018,4,110,1,1
8,3,2018,4,210,1,1
8,37,2018,4,5,1,1
34,296,2018,1,186,7,1
34,296,2018,1,179,2,1
34,0,2018,1,233,1,1
34,724,2018,1,115,1,1
34,296,2018,1,104,1,1
34,7670,2018,1,230,1,1
39,370,2018,88,179,15,1
39,42,2018,88,186,6,1
39,42,2018,88,104,1,1
39,370,2018,88,112,1,1
39,4672,2018,88,91,1,1
39,0,2018,88,176,1,1
39,45,2018,63,209,9,1
39,61,2018,63,104,3,1
8,4,2018,11,240,2,1
8,4,2018,11,11,1,1
8,58,2018,11,42,1,1
8,4,2018,11,230,15,1
8,4,2018,11,104,6,1
8,4,2018,11,83,1,1
8,4,2018,11,110,1,1
8,1522,2018,11,87,1,1
8,4,2018,11,210,1,1
62,0,2018,1,92,9,1
8,7,2018,14,240,2,1
8,7,2018,14,104,8,1
8,7,2018,14,11,1,1
8,7,2018,14,230,16,1
8,7,2018,14,210,2,1
8,7,2018,14,83,1,1
8,7,2018,14,87,1,1
8,354,2017,361,230,14,1
8,354,2017,361,104,7,1
8,347,2017,361,110,1,1
8,354,2017,361,240,2,1
8,354,2017,361,11,1,1
8,354,2017,361,83,1,1
8,347,2017,361,42,1,1
50,15,2018,62,179,3,1
50,1453,2018,62,64,1,1
50,15,2018,62,186,6,1
35,401,2018,28,104,1,0
35,401,2018,28,177,1,0
35,401,2018,28,172,2,0
35,401,2018,28,149,3,0
8,7,2018,1,230,16,1
8,7,2018,1,240,2,1
8,7,2018,1,11,1,1
8,7,2018,1,104,7,1
8,7,2018,1,83,1,1
8,14,2018,1,210,1,1
8,1,2018,6,240,2,1
8,1,2018,6,11,1,1
8,1,2018,6,104,7,1
8,1,2018,6,230,13,1
8,1,2018,6,210,3,1
8,1,2018,6,83,1,1
8,8,2018,6,110,1,1
8,1,2018,6,230,10,1
8,1,2018,6,104,1,1
8,1,2018,6,11,1,1
8,1,2018,6,240,1,1
35,430,2018,14,104,1,0
35,430,2018,14,177,1,0
35,430,2018,14,172,2,0
35,430,2018,14,149,1,0
8,1,2018,6,230,10,1
8,1,2018,6,11,1,1
8,1,2018,6,240,1,1
8,43,2018,6,5,1,1
8,1,2018,6,104,1,1
8,8,2018,6,210,1,1
8,7,2018,1,230,9,1
8,7,2018,1,11,1,1
8,7,2018,1,240,1,1
8,7,2018,1,104,1,1
8,7,2018,1,210,1,1
8,1,2018,6,230,12,1
8,1,2018,6,11,1,1
8,1,2018,6,240,1,1
8,1,2018,6,210,1,1
8,1,2018,6,230,13,1
8,1,2018,6,11,1,1
8,1,2018,6,240,1,1
8,1,2018,6,210,1,1
20,73,2018,37,9,1,0
20,2966,2018,37,131,1,0
20,248,2018,37,104,1,0
20,296,2018,37,191,1,0
8,14,2018,21,230,14,1
8,14,2018,21,11,1,1
8,14,2018,21,240,1,1
8,14,2018,21,210,1,1
57,0,2018,1,13,11,1
57,7876,2018,1,177,1,1
57,5579,2018,1,104,2,1
57,0,2018,1,194,1,1
57,0,2018,1,121,1,1
57,0,2018,1,117,1,1
57,0,2018,1,180,1,1
8,78,2018,86,230,10,1
8,57,2018,86,104,1,1
8,78,2018,86,11,1,1
8,78,2018,86,240,1,1
8,78,2018,86,210,1,1
35,445,2018,30,104,1,0
35,445,2018,30,177,1,0
35,445,2018,30,172,2,0
35,445,2018,30,149,1,0
8,1,2018,6,230,10,1
8,1,2018,6,11,1,1
8,1,2018,6,240,1,1
8,1,2018,6,210,1,1
2,0,2018,10,212,10,1
2,0,2018,10,236,1,1
2,0,2018,10,126,1,1
2,0,2018,10,104,2,1
2,0,2018,10,111,1,1
2,0,2018,10,189,1,1
2,0,2018,10,206,1,1
50,127,2018,1,230,7,1
50,127,2018,1,83,1,1
50,127,2018,1,210,1,1
50,107,2018,1,104,1,1
20,373,2018,100,179,4,1
20,373,2018,100,186,10,1
20,31,2018,100,196,1,1
20,31,2018,100,9,1,1
8,14,2018,20,230,12,1
8,7,2018,20,104,2,1
8,14,2018,20,11,1,1
8,43,2018,20,110,1,1
8,14,2018,20,210,1,1
35,476,2018,30,104,1,0
35,476,2018,30,177,1,0
35,476,2018,30,172,2,0
35,476,2018,30,149,1,0
44,115,2018,95,104,3,1
44,2571,2018,95,196,2,1
44,0,2018,95,202,10,1
8,13,2018,20,230,14,1
8,0,2018,20,180,1,1
8,13,2018,20,11,1,1
2,0,2018,84,36,16,1
2,65,2018,84,104,3,1
2,0,2018,84,66,2,1
8,13,2019,20,230,13,1
8,13,2019,20,11,1,1
8,6,2019,20,210,1,1
50,1907,2018,1,198,4,1
67,509,2018,98,104,3,1
67,3886,2018,98,236,1,1
67,809,2018,98,121,9,1
8,82,2018,89,230,14,1
8,75,2018,89,180,1,1
8,82,2018,89,11,1,1
8,82,2018,89,210,1,1
55,0,2018,61,77,8,1
55,0,2018,61,29,1,1
55,239,2018,61,104,2,1
8,89,2018,96,230,15,1
8,89,2018,96,11,1,1
8,62,2018,96,240,1,1
8,89,2018,96,210,1,1
35,533,2019,4,104,2,1
35,533,2019,4,177,1,1
35,608,2019,4,145,1,1
35,533,2019,4,172,2,1
35,1307,2019,4,220,2,1
20,276,2018,31,111,26,1
20,276,2018,31,104,8,1
20,647,2018,31,62,1,1
20,0,2018,31,61,1,1
8,96,2018,103,230,16,1
8,96,2018,103,11,1,1
8,96,2018,103,210,1,1
63,261,2019,40,186,8,1
63,261,2019,40,179,2,1
63,261,2019,40,51,1,1
63,289,2019,40,112,1,1
35,30,2019,45,104,3,1
35,507,2019,45,149,4,1
35,30,2019,45,177,1,1
35,30,2019,45,172,3,1
50,102,2018,1,90,12,1
50,102,2018,1,31,3,1
50,4752,2018,1,45,1,1
50,6,2018,1,104,3,1
8,13,2019,20,230,16,1
8,13,2019,20,11,2,1
8,13,2019,20,210,1,1
35,17,2019,15,104,4,1
35,17,2019,15,149,3,1
35,17,2019,15,177,1,1
35,535,2019,15,60,1,1
35,17,2019,15,172,2,1
50,57,2018,1,45,6,1
8,13,2019,20,230,10,1
8,13,2019,20,11,2,1
8,13,2019,20,210,1,1
35,17,2019,22,104,3,1
35,4,2019,22,220,3,1
35,17,2019,22,177,1,1
35,17,2019,22,60,1,1
35,17,2019,22,172,3,1
67,7352,2019,1,29,6,1
67,2,2019,1,104,7,1
67,698,2019,1,177,1,1
8,13,2019,20,230,9,1
8,13,2019,20,11,2,1
8,15,2019,20,180,1,1
8,13,2019,20,210,1,1
8,63,2019,70,230,6,1
8,63,2019,70,180,1,1
8,7,2019,70,104,1,1
8,4,2019,46,240,1,1
8,39,2019,46,230,7,1
8,32,2019,46,11,1,1
8,39,2019,46,180,1,1
8,39,2019,46,104,1,1
8,13,2019,20,230,8,1
8,120,2019,20,83,1,1
8,13,2019,20,240,1,1
8,13,2019,20,104,1,1
35,17,2019,27,104,2,1
35,12,2019,27,149,4,1
35,17,2019,27,177,1,1
35,17,2019,27,60,1,1
35,17,2019,27,172,3,1
8,13,2019,20,230,11,1
8,13,2019,20,104,2,1
8,355,2018,362,230,13,1
8,348,2018,362,240,1,1
20,24,2019,1,111,32,1
20,24,2019,1,104,7,1
20,24,2019,1,62,1,1
20,24,2019,1,61,1,1
8,67,2019,74,230,12,1
8,184,2019,74,133,1,1
8,67,2019,74,240,1,1
35,58,2019,89,104,4,1
35,58,2019,89,149,5,1
35,58,2019,89,177,1,1
35,58,2019,89,60,2,1
35,58,2019,89,172,4,1
8,74,2019,81,230,8,1
62,0,2019,103,240,5,1
62,332,2019,103,104,1,1
62,0,2019,103,230,2,1
8,81,2019,88,230,5,1
8,74,2019,88,240,1,1
8,60,2019,88,104,1,1
44,0,2019,1,237,1,1
44,2746,2019,1,188,1,1
44,1488,2019,1,12,1,1
44,80,2019,1,104,1,1
44,0,2019,1,18,1,1
44,80,2019,1,196,2,1
44,0,2019,1,192,1,1
44,0,2019,1,141,1,1
44,0,2019,1,190,1,1
44,0,2019,1,139,1,1
44,0,2019,1,194,1,1
44,0,2019,1,191,1,1
44,0,2019,1,176,1,1
44,86,2019,101,104,48,1
44,0,2019,101,82,3,1
44,6574,2019,101,144,1,1
44,0,2019,101,170,2,1
44,204,2019,101,122,1,1
44,2660,2019,101,121,1,1
44,0,2019,101,3,1,1
44,2815,2019,101,1,1,1
44,6,2019,101,202,1,1
44,0,2019,101,152,1,1
44,0,2019,101,93,1,1
44,0,2019,101,163,1,1
44,0,2019,101,17,2,1
44,0,2019,101,117,2,1
44,0,2019,101,49,1,1
44,0,2019,101,39,1,1
44,0,2019,101,63,1,1
44,1423,2019,101,29,1,1
44,1402,2019,101,241,1,1
44,0,2019,101,74,1,1
44,0,2019,101,106,1,1
44,86,2019,101,190,1,1
44,1423,2019,101,177,1,1
44,0,2019,101,79,1,1
44,0,2019,101,67,1,1
44,0,2019,119,98,1,1
44,101,2019,119,104,1,1
44,0,2019,119,14,6,1
8,88,2019,95,230,8,1
8,226,2019,95,121,1,1
35,30,2019,54,104,2,1
35,30,2019,54,149,3,1
35,30,2019,54,177,1,1
35,30,2019,54,60,1,1
35,30,2019,54,172,2,1
3,0,2019,119,201,1,1
3,366,2019,119,196,13,1
3,774,2019,119,104,1,1
34,0,2019,1,163,3,1
34,220,2019,1,186,1,1
8,95,2019,102,230,6,1
8,88,2019,102,240,1,1
8,88,2019,102,104,1,1
35,15,2019,30,104,2,0
35,15,2019,30,177,1,0
35,15,2019,30,149,4,0
35,15,2019,30,60,1,0
35,15,2019,30,172,2,0
55,20,2019,119,104,5,1
55,280,2019,119,196,29,1
55,280,2019,119,85,3,1
55,0,2019,119,133,1,1
55,1162,2019,119,176,1,1
8,102,2019,109,230,5,1
8,102,2019,109,240,1,1
50,0,2019,19,147,5,1
50,201,2019,19,104,1,1
50,850,2019,19,13,2,1
50,850,2019,19,161,1,1
8,109,2019,116,230,9,1
8,102,2019,116,104,2,1
8,46,2019,116,11,1,1
8,57,2019,64,230,9,1
50,231,2019,33,64,5,1
50,231,2019,33,186,2,1
8,4,2019,11,11,7,1
8,3,2019,11,230,3,1
8,144,2019,11,110,1,1
8,21,2019,20,230,10,1
8,21,2019,20,11,1,1
8,8,2019,20,240,1,1
8,13,2019,20,11,1,1
8,13,2019,20,230,12,1
8,299,2019,20,55,1,1
8,13,2019,20,240,1,1
8,13,2019,20,230,14,1
8,13,2019,20,55,1,1
8,0,2019,20,1,1,1
54,0,2019,6,13,10,1
54,0,2019,6,104,3,1
8,13,2019,19,240,1,1
8,13,2019,19,230,13,1
8,6,2019,19,11,2,1
8,15,2019,19,104,2,1
8,13,2019,19,55,1,1
8,99,2019,19,210,1,1
8,18,2019,26,240,1,1
8,18,2019,26,230,10,1
8,18,2019,26,11,1,1
8,18,2019,26,104,2,1
8,18,2019,26,210,1,1
35,7,2019,30,104,2,0
35,7,2019,30,177,1,0
35,7,2019,30,60,1,0
35,7,2019,30,172,3,0
35,7,2019,30,149,3,0
8,13,2019,21,230,13,1
8,13,2019,21,104,2,1
8,13,2019,21,11,1,1
35,38,2019,45,104,1,1
35,38,2019,45,149,4,1
35,38,2019,45,177,1,1
35,38,2019,45,60,1,1
35,38,2019,45,172,2,1
8,14,2019,20,230,13,1
8,253,2019,20,42,1,1
8,14,2019,20,104,1,1
50,3434,2019,62,221,4,1
50,1755,2019,62,57,4,1
50,45,2019,62,186,8,1
50,183,2019,62,230,8,1
50,31,2019,62,104,5,1
50,3780,2019,62,232,3,1
50,219,2019,62,179,5,1
50,0,2019,62,76,1,1
50,2053,2019,62,87,1,1
50,1755,2019,62,115,2,1
50,1147,2019,62,177,1,1
50,2053,2019,62,223,2,1
50,45,2019,62,64,2,1
50,2053,2019,62,173,1,1
8,12,2019,21,230,9,1
8,18,2019,23,230,10,1
8,9,2019,23,104,1,1
8,13,2019,20,230,10,1
8,13,2019,20,104,1,1
8,13,2019,20,230,14,1
50,1263,2019,88,39,8,1
35,15,2019,30,104,1,0
35,15,2019,30,149,4,0
35,15,2019,30,177,1,0
35,15,2019,30,60,1,0
35,15,2019,30,172,2,0
8,13,2019,20,230,11,1
50,48,2019,1,232,5,1
50,3890,2019,1,51,1,1
50,48,2019,1,186,2,1
8,13,2019,21,230,11,1
8,28,2019,21,11,2,1
8,14,2019,20,230,8,1
59,0,2019,68,236,14,1
59,462,2019,68,104,4,1
8,13,2019,20,230,8,1
67,6164,2019,64,42,6,1
67,189,2019,64,104,2,1
50,0,2019,80,117,12,1
50,1231,2019,80,122,1,1
50,22,2019,80,104,2,1
8,47,2019,54,230,9,1
8,1866,2019,54,191,1,1
35,16,2019,30,104,1,0
35,164,2019,30,220,1,0
35,16,2019,30,177,1,0
35,16,2019,30,60,1,0
35,16,2019,30,149,4,0
35,16,2019,30,172,2,0
20,121,2019,121,186,9,1
20,121,2019,121,179,2,1
20,96,2019,121,104,1,1
20,96,2019,121,111,1,1
8,13,2019,20,230,9,1
20,1,2019,24,186,24,1
20,241,2019,24,9,2,1
20,1,2019,24,104,1,1
20,1,2019,24,179,1,1
20,241,2019,24,196,1,1
20,1,2019,24,111,1,1
8,13,2019,20,230,10,1
39,1931,2019,45,92,11,1
39,1931,2019,45,210,1,1
8,13,2019,20,230,4,1
35,47,2019,29,104,2,0
35,47,2019,29,149,3,0
35,47,2019,29,177,1,0
35,47,2019,29,60,1,0
35,47,2019,29,172,2,0
44,1,2019,1,104,3,1
44,0,2019,1,60,7,1
44,0,2019,1,72,1,1
50,5,2019,1,117,6,1
8,13,2019,20,230,9,1
8,50,2019,20,104,1,1
8,71,2019,20,42,1,1
35,83,2019,1,104,3,0
35,83,2019,1,172,5,0
35,83,2019,1,177,2,0
35,83,2019,1,60,1,0
8,13,2019,20,230,6,1
66,1245,2019,72,196,8,0
66,805,2019,72,104,4,0
8,13,2019,20,230,12,1
8,73,2019,80,230,8,1
8,158,2019,80,180,1,1
8,151,2019,80,83,1,1
8,59,2019,80,104,1,1
3,4275,2019,53,92,13,1
55,0,2019,127,13,16,1
55,69,2019,127,104,1,1
55,0,2019,127,147,1,1
20,5582,2019,1,166,17,0
20,0,2019,1,121,1,0
20,52,2019,1,104,1,0
8,13,2019,20,230,10,1
8,13,2019,20,180,1,1
55,0,2019,88,92,13,1
44,119,2019,329,14,1,1
44,120,2019,329,104,29,1
44,101,2019,329,82,2,1
44,0,2019,329,234,1,1
44,1423,2019,329,116,1,1
44,0,2019,329,228,2,1
44,0,2019,329,13,1,1
44,0,2019,329,223,1,1
44,0,2019,329,168,1,1
44,0,2019,329,157,1,1
44,101,2019,329,202,1,1
44,0,2019,329,56,1,1
44,101,2019,329,152,1,1
44,0,2019,329,132,2,1
44,101,2019,329,79,1,1
44,274,2019,329,166,1,1
44,0,2019,329,53,1,1
44,2660,2019,329,186,1,1
44,101,2019,329,39,1,1
44,0,2019,329,92,1,1
44,0,2019,329,103,1,1
44,101,2019,329,29,1,1
44,101,2019,329,241,1,1
44,101,2019,329,117,1,1
44,274,2019,329,111,2,1
44,120,2019,329,60,1,1
44,0,2019,329,129,1,1
44,0,2019,329,138,1,1
44,101,2019,329,106,1,1
44,101,2019,329,190,1,1
44,2660,2019,329,230,1,1
44,101,2019,329,177,1,1
44,2815,2019,329,120,1,1
8,34,2019,41,230,10,1
8,27,2019,41,104,1,1
50,84,2019,31,13,15,1
50,49,2019,31,104,2,1
63,0,2019,20,191,9,1
63,568,2019,20,233,5,1
63,0,2019,20,73,1,1
50,4122,2019,89,112,1,1
50,0,2019,89,5,5,1
50,32,2019,89,104,2,1
50,52,2019,89,57,2,1
50,2982,2019,89,138,3,1
50,52,2019,89,87,2,1
50,3076,2019,89,216,4,1
50,4,2019,89,51,3,1
50,52,2019,89,179,1,1
50,52,2019,89,230,2,1
50,4,2019,89,186,2,1
50,0,2019,89,197,1,1
50,4,2019,89,232,1,1
50,283,2019,89,198,1,1
50,52,2019,89,115,1,1
50,52,2019,89,177,1,1
50,52,2019,89,64,1,1
55,0,2019,18,236,14,0
55,0,2019,18,121,1,0
55,76,2019,18,104,4,0
55,0,2019,18,48,1,0
55,0,2019,18,155,1,0
55,0,2019,18,118,1,0
8,13,2019,20,230,7,1
35,77,2019,30,104,2,0
35,77,2019,30,149,5,0
35,77,2019,30,177,1,0
35,77,2019,30,60,1,0
35,77,2019,30,172,3,0
8,13,2019,20,230,8,1
55,0,2019,64,161,10,1
55,42,2019,64,104,1,1
55,0,2019,64,163,1,1
55,42,2019,64,13,1,1
44,41,2019,48,104,31,1
44,41,2019,48,132,3,1
44,0,2019,48,75,1,1
44,41,2019,48,117,1,1
44,41,2019,48,177,2,1
44,41,2019,48,29,1,1
44,41,2019,48,106,1,1
44,41,2019,48,103,3,1
44,41,2019,48,228,4,1
44,187,2019,48,63,1,1
44,41,2019,48,82,1,1
44,187,2019,48,144,1,1
44,0,2019,48,205,1,1
44,187,2019,48,1,1,1
20,52,2019,96,186,14,1
20,52,2019,96,179,2,1
20,52,2019,96,9,1,1
35,108,2019,29,149,7,0
35,108,2019,29,104,2,0
35,108,2019,29,177,1,0
35,108,2019,29,60,1,0
35,108,2019,29,172,2,0
8,1,2019,20,104,1,1
8,13,2019,20,230,9,1
35,136,2019,6,104,2,0
35,136,2019,6,60,1,0
35,302,2019,6,145,2,0
35,136,2019,6,172,2,0
35,136,2019,6,177,1,0
20,5094,2019,35,25,8,1
20,42,2019,35,104,1,1
20,2,2019,35,9,1,1
8,6,2019,20,230,7,1
40,6091,2019,1,170,4,0
40,1511,2019,1,104,2,0
35,145,2019,21,104,2,0
35,145,2019,21,172,5,0
35,145,2019,21,177,1,0
35,145,2019,21,60,1,0
8,13,2019,20,230,10,1
44,63,2019,92,104,18,0
44,63,2019,92,177,1,0
71,0,2019,35,104,5,1
71,0,2019,35,170,4,1
71,0,2019,373,104,4,0
71,0,2019,373,17,1,0
71,0,2019,373,79,2,0
71,372,2019,373,170,6,0
71,2,2020,3,170,3,0
71,0,2020,3,104,1,0
71,0,2020,3,122,1,0
8,34,2019,41,230,10,1
71,0,2019,16,79,1,1
71,0,2019,16,104,5,1
71,0,2019,16,122,1,1
71,12,2019,16,170,8,1
71,16,2019,20,122,1,1
71,16,2019,20,104,5,1
71,16,2019,20,170,9,1
71,0,2019,20,144,2,1
8,227,2019,234,230,9,1
8,13,2020,20,230,9,1
8,191,2020,20,55,1,1
35,177,2020,4,104,2,0
35,177,2020,4,172,3,0
35,177,2020,4,60,1,0
35,177,2020,4,177,1,0
8,13,2020,20,230,5,1
8,13,2020,20,230,5,1
8,64,2020,20,180,1,1
63,325,2020,39,186,30,1
63,325,2020,39,179,2,1
8,470,2020,20,87,1,1
8,13,2020,20,230,7,1
20,1295,2019,102,11,13,1
20,34,2019,102,104,1,1
55,0,2020,1,66,10,1
55,0,2020,1,146,2,1
55,64,2020,1,104,2,1
35,138,2019,65,104,2,1
35,138,2019,65,149,6,1
35,138,2019,65,177,1,1
35,138,2019,65,60,1,1
35,138,2019,65,172,2,1
8,13,2020,20,230,5,1
44,3048,2020,37,115,14,1
44,3048,2020,37,57,4,1
44,59,2020,37,230,2,1
44,3048,2020,37,232,1,1
44,52,2020,37,104,4,1
44,0,2020,37,9,1,1
44,52,2020,37,177,2,1
44,0,2020,37,64,1,1
8,97,2020,15,83,1,1
8,8,2020,15,230,5,1
8,62,2020,15,104,1,1
55,656,2020,35,177,1,1
55,0,2020,35,121,1,1
55,26,2020,35,104,16,1
55,0,2020,35,80,5,1
55,0,2020,35,28,1,1
55,0,2020,35,105,3,1
8,1,2020,8,230,2,1
35,14,2020,1,104,2,0
35,14,2020,1,177,1,0
35,14,2020,1,60,1,0
35,383,2020,1,145,2,0
35,14,2020,1,172,3,0
35,1705,2020,1,16,1,0
8,22,2020,29,230,2,1
8,29,2020,36,230,4,1
8,36,2020,43,230,3,1
8,223,2020,43,240,1,1
35,3,2020,28,149,9,0
35,3,2020,28,60,1,0
35,3,2020,28,104,1,0
35,3,2020,28,172,2,0
35,3,2020,28,177,1,0
8,43,2020,50,230,4,1
8,43,2020,50,240,1,1
8,15,2020,50,104,1,1
20,2271,2020,45,92,3,1
20,2,2020,45,11,3,1
20,2271,2020,45,210,5,1
20,2,2020,45,104,1,1
8,1,2020,8,240,1,1
8,1,2020,8,230,7,1
8,503,2020,8,5,1,1
8,1,2020,8,104,1,1
20,45,2020,45,210,7,1
20,45,2020,45,104,1,1
20,45,2020,45,11,3,1
20,45,2020,45,92,3,1
20,25,2020,34,104,1,1
20,2492,2020,34,173,8,1
20,25,2020,34,11,1,1
